Timestamp,Open,High,Low,Close,Rsi,Cci,Volume
12/20/2018 11:45,152.94,153.19,152.18,152.3,,,4033000
12/20/2018 12:00,152.3,152.82,151.26,152.27,,,5825600
12/20/2018 12:15,152.27,152.7,151.68,151.77,,,3346300
12/20/2018 12:30,151.76,153.12,151.54,153.05,,,3352400
12/20/2018 12:45,153.05,153.32,152.18,152.32,,,3265700
12/20/2018 13:00,152.32,153.03,152.13,152.88,,,1918200
12/20/2018 13:15,152.88,152.94,151.89,152.4,,,1788400
12/20/2018 13:30,152.4,152.82,152.12,152.4,,,1621700
12/20/2018 13:45,152.39,152.47,151.63,152.31,,,2422500
12/20/2018 14:00,152.32,152.5,151.72,151.79,,,1634200
12/20/2018 14:15,151.8,151.98,150.39,151.01,,,4609200
12/20/2018 14:30,151.01,152.23,150.51,152.16,,,4047600
12/20/2018 14:45,152.16,153.28,151.92,153.09,,,3229500
12/20/2018 15:00,153.09,153.75,152.54,152.88,,130.6028,3707800
12/20/2018 15:15,152.88,153.37,152.01,153.26,,91.58591,3125200
12/20/2018 15:30,153.26,153.66,152.7,152.74,52.6961,101.5435,3229400
12/20/2018 15:45,152.77,153.45,152.34,152.41,50.49684,48.77245,3527700
12/20/2018 16:00,152.4,152.62,151.74,152.29,49.68475,-30.65578,7574100
12/21/2018 9:45,152.96,153.76,152.78,152.99,54.30131,106.8403,9522500
12/21/2018 10:00,152.99,153.11,152.2,152.59,51.39913,27.67278,4636600
12/21/2018 10:15,152.59,153.29,151.49,153.22,55.43866,29.21393,6875300
12/21/2018 10:30,153.22,154.09,152.88,153.36,56.30774,118.841,5811000
12/21/2018 10:45,153.36,153.47,152.48,152.56,50.27391,34.78225,3430100
12/21/2018 11:00,152.56,152.92,152.03,152.29,48.38923,-30.68145,6835800
12/21/2018 11:15,152.29,152.31,150.8,150.99,40.51416,-203.7122,5555800
12/21/2018 11:30,150.99,151.8,150.95,151.77,46.17439,-174.2851,2895400
12/21/2018 11:45,151.77,151.94,150.84,151.12,42.54156,-150.0453,2726200
12/21/2018 12:00,151.1,151.24,150.34,150.48,39.26587,-166.1326,2934300
12/21/2018 12:15,150.48,150.54,149.51,149.58,35.16526,-177.4716,5113100
12/21/2018 12:30,149.57,150.01,148.83,148.98,32.71254,-168.338,7271700
12/21/2018 12:45,148.98,149.93,148.24,149.72,38.41754,-134.9093,7599500
12/21/2018 13:00,149.72,150.35,149.04,149.37,36.82711,-99.67176,5436400
12/21/2018 13:15,149.37,149.82,149.04,149.51,37.93392,-90.43538,3543900
12/21/2018 13:30,149.51,150.19,149.2,149.63,38.92181,-67.6965,3919600
12/21/2018 13:45,149.63,150.33,149.5,150.26,43.964,-41.66887,3232800
12/21/2018 14:00,150.26,150.27,149.13,149.43,39.35446,-57.70728,2809400
12/21/2018 14:15,149.43,149.66,148.8,148.95,36.94219,-83.2551,3288000
12/21/2018 14:30,148.95,149.82,148.87,149.2,39.03812,-68.26196,2445100
12/21/2018 14:45,149.2,149.41,148.54,148.67,36.28465,-104.7682,2913500
12/21/2018 15:00,148.68,149.49,148.61,149.05,39.57547,-85.31967,3919900
12/21/2018 15:15,149.05,149.21,148.3,148.35,35.89744,-145.9497,3232400
12/21/2018 15:30,148.35,148.5,147.39,147.4,31.60449,-246.3474,5478800
12/21/2018 15:45,147.4,147.85,146.78,147.49,32.42902,-215.0315,7710000
12/21/2018 16:00,147.49,147.98,146.72,147.57,33.19983,-152.1828,10790300
12/24/2018 9:45,146.11,147.2,145.47,145.52,25.25104,-195.7461,6750400
12/24/2018 10:00,145.5,145.5,144.21,144.97,23.61727,-194.3331,5083000
12/24/2018 10:15,144.97,145.75,144.25,145.69,30.00209,-136.861,4252600
12/24/2018 10:30,145.66,145.98,145.2,145.86,31.45889,-97.48573,2571500
12/24/2018 10:45,145.86,147.98,145.78,147.56,44.0084,-23.77752,4081800
12/24/2018 11:00,147.55,147.63,146.43,146.99,41.27934,-21.00538,2596800
12/24/2018 11:15,147,147.37,145.92,146.55,39.25562,-35.52111,2002400
12/24/2018 11:30,146.55,146.56,145.68,145.84,36.17382,-60.35187,2173100
12/24/2018 11:45,145.84,146.3,145.69,145.78,35.91721,-56.77035,2059000
12/24/2018 12:00,145.77,145.8,144.92,145.16,33.2893,-88.07916,2293600
12/24/2018 12:15,145.16,145.7,144.7,145.14,33.20488,-87.19946,3110300
12/24/2018 12:30,145.14,145.6,144.56,145,32.58216,-90.21387,3426900
12/24/2018 12:45,145.02,145.35,144.53,144.68,31.14439,-96.16239,3595300
12/24/2018 13:00,144.68,144.91,143.53,143.58,26.77127,-153.539,5597700
12/26/2018 9:45,145.08,146.95,145.08,146.13,45.77853,39.13056,8502200
12/26/2018 10:00,146.13,146.54,145.43,145.47,42.68999,11.06657,3676900
12/26/2018 10:15,145.47,145.95,144.6,144.7,39.35408,-60.52182,4313900
12/26/2018 10:30,144.7,145.49,144.35,145.01,41.34141,-63.6401,3711200
12/26/2018 10:45,145.01,145.34,144.5,144.62,39.58398,-66.99287,2301300
12/26/2018 11:00,144.62,145.2,144.09,144.24,37.89373,-93.46915,2843600
12/26/2018 11:15,144.28,145.25,144.13,145.11,43.80967,-48.79786,2228400
12/26/2018 11:30,145.08,146.08,145.02,145.97,48.98299,82.50682,2730900
12/26/2018 11:45,145.97,146.74,145.77,146.59,52.3864,166.7779,4070600
12/26/2018 12:00,146.59,147.36,146.3,147.33,56.14678,179.1817,2721000
12/26/2018 12:15,147.33,148.54,147.17,148.39,60.90922,199.1045,4002300
12/26/2018 12:30,148.38,148.41,147.68,147.87,57.60424,152.2385,2750300
12/26/2018 12:45,147.87,148.44,147.7,148.41,60.02974,131.6621,3227800
12/26/2018 13:00,148.41,149.16,148.39,148.94,62.30891,137.1821,2714200
12/26/2018 13:15,148.94,149.11,147.9,148.04,56.42497,91.68569,2464400
12/26/2018 13:30,148.05,148.56,147.78,148.34,57.85367,73.08585,2676100
12/26/2018 13:45,148.34,148.92,148.25,148.69,59.52117,79.80012,1471800
12/26/2018 14:00,148.7,149.58,148.7,149.54,63.3169,97.51164,3572600
12/26/2018 14:15,149.54,149.62,149,149.24,61.13793,90.23726,2374900
12/26/2018 14:30,149.24,149.47,148.58,148.86,58.39642,71.36916,3819500
12/26/2018 14:45,148.86,149.58,148.85,149.3,60.5995,90.38109,1703800
12/26/2018 15:00,149.3,149.71,149.02,149.66,62.35593,102.3868,2580800
12/26/2018 15:15,149.64,149.95,149.34,149.93,63.66418,120.147,2589000
12/26/2018 15:30,149.93,150.32,149.58,150.25,65.20757,140.602,3044700
12/26/2018 15:45,150.25,151.41,150.17,151.41,70.15615,200.5507,4652700
12/26/2018 16:00,151.41,152.48,151,152.47,73.82043,226.8676,12309800
12/27/2018 9:45,150.58,151.3,149.88,150.41,58.72893,82.49756,6013200
12/27/2018 10:00,150.42,150.61,149.33,149.95,55.97694,28.84093,3345700
12/27/2018 10:15,149.95,150.51,149.19,149.49,53.28792,0.9642853,2843200
12/27/2018 10:30,149.49,149.75,148.5,148.66,48.73835,-80.41663,2728700
12/27/2018 10:45,148.66,149.59,148.35,149.53,53.24442,-68.37218,3388000
12/27/2018 11:00,149.52,149.8,148.87,148.99,50.28954,-61.09691,3580900
12/27/2018 11:15,148.97,149.27,148.56,149.1,50.88747,-82.07909,2694700
12/27/2018 11:30,149.1,149.97,149.06,149.84,54.82409,-22.30467,1629000
12/27/2018 11:45,149.85,150.22,149.05,149.11,50.5219,-42.1737,3030600
12/27/2018 12:00,149.1,149.59,148.97,149.44,52.34256,-54.36485,2108900
12/27/2018 12:15,149.44,149.49,148.75,148.8,48.60694,-78.53574,1923000
12/27/2018 12:30,148.8,149.27,148.19,148.44,46.5926,-102.7091,1893700
12/27/2018 12:45,148.45,148.88,148.26,148.46,46.72472,-106.2674,2010200
12/27/2018 13:00,148.44,149.05,148.28,148.92,49.79996,-82.93767,1515500
12/27/2018 13:15,148.91,149.13,148.6,148.93,49.86767,-54.05934,2030100
12/27/2018 13:30,148.93,148.95,148.42,148.45,46.61563,-99.66875,1502700
12/27/2018 13:45,148.45,148.71,148.31,148.38,46.14309,-120.179,1749600
12/27/2018 14:00,148.37,148.4,147.29,147.64,41.36839,-202.2546,3209200
12/27/2018 14:15,147.63,147.88,147.21,147.43,40.10024,-189.0307,3073200
12/27/2018 14:30,147.43,147.92,147.08,147.89,44.13967,-139.1058,2215400
12/27/2018 14:45,147.89,148.91,147.51,148.84,51.42503,-27.21899,2526500
12/27/2018 15:00,148.84,149.43,148.36,149.41,55.20044,72.92818,2156200
12/27/2018 15:15,149.41,150.05,148.74,150.04,58.99392,149.251,3125700
12/27/2018 15:30,150.06,151.48,149.79,151.33,65.44608,252.5748,3581200
12/27/2018 15:45,151.35,153.05,150.78,152.83,71.1337,253.7519,5748600
12/27/2018 16:00,152.84,153.17,151.67,153.15,72.18551,189.3039,8787400
12/28/2018 9:45,154,154.22,152.68,153.86,74.41328,169.1071,6121900
12/28/2018 10:00,153.86,154.28,153.15,153.83,74.14307,132.7961,4839900
12/28/2018 10:15,153.82,153.95,152.87,153.05,67.30024,95.32198,3114700
12/28/2018 10:30,153.05,153.36,152.13,152.28,61.28689,62.99361,3056400
12/28/2018 10:45,152.28,152.59,151.72,152.1,59.93869,42.46608,2307400
12/28/2018 11:00,152.1,153.23,152.1,152.46,61.75103,49.56692,2451300
12/28/2018 11:15,152.46,152.96,152.12,152.79,63.3861,43.80823,2172800
12/28/2018 11:30,152.79,153.27,152.53,153.09,64.85696,52.56342,1740300
12/28/2018 11:45,153.08,153.75,152.84,153.37,66.22088,69.62564,1715400
12/28/2018 12:00,153.38,153.65,153.1,153.5,66.86392,76.01286,1130300
12/28/2018 12:15,153.51,154,153.44,153.61,67.42892,95.04403,2459400
12/28/2018 12:30,153.62,153.81,153.16,153.57,66.98174,67.25719,3657100
12/28/2018 12:45,153.58,154.04,153.49,153.8,68.28436,91.99194,1006900
12/28/2018 13:00,153.81,153.98,153.28,153.4,63.58585,53.30477,1171900
12/28/2018 13:15,153.4,153.82,153.25,153.7,65.50302,58.78279,1864400
12/28/2018 13:30,153.72,153.86,152.96,153.16,59.43712,24.86938,1458900
12/28/2018 13:45,153.15,153.23,152.7,153.01,57.83484,-26.13672,1443000
12/28/2018 14:00,153.03,153.82,153.03,153.59,62.09013,45.45734,1753900
12/28/2018 14:15,153.6,154.54,153.6,154.47,67.45649,168.068,3182000
12/28/2018 14:30,154.46,154.76,154.19,154.33,65.85925,188.5931,1607900
12/28/2018 14:45,154.32,155.13,154.27,155.03,69.71988,203.4355,1885500
12/28/2018 15:00,155.03,155.59,154.79,155.44,71.73591,196.6945,2898400
12/28/2018 15:15,155.45,155.57,153.98,154.71,63.61481,100.5144,4425300
12/28/2018 15:30,154.71,154.73,153.05,153.41,52.26695,-25.34309,4010600
12/28/2018 15:45,153.41,153.49,152.49,152.5,46.07152,-119.4408,3722500
12/28/2018 16:00,152.51,153.3,152.48,153.05,49.93423,-96.69519,7289100
12/31/2018 9:45,154.4,154.98,154.21,154.66,59.15658,71.46127,3577500
12/31/2018 10:00,154.65,154.77,153.84,154.23,56.18,32.8886,1720200
12/31/2018 10:15,154.24,154.58,153.75,153.75,52.97567,5.077395,1740800
12/31/2018 10:30,153.75,154.07,153.57,153.92,53.97688,-17.60107,1324900
12/31/2018 10:45,153.93,153.97,153.27,153.54,51.34522,-54.8668,1676500
12/31/2018 11:00,153.54,153.79,153.05,153.26,49.43278,-79.51714,1830400
12/31/2018 11:15,153.27,153.56,152.99,153.23,49.22125,-78.32948,3350800
12/31/2018 11:30,153.23,153.43,152.83,153.38,50.36503,-72.70782,2377400
12/31/2018 11:45,153.38,153.38,152.71,153.14,48.48336,-77.87485,1473900
12/31/2018 12:00,153.14,153.8,153.1,153.74,53.19159,-14.19411,2381700
12/31/2018 12:15,153.75,153.87,153.43,153.73,53.1044,17.59857,1967900
12/31/2018 12:30,153.75,153.99,153.57,153.87,54.23439,38.52821,1373400
12/31/2018 12:45,153.86,154.31,153.76,154.26,57.31967,76.50955,2378000
12/31/2018 13:00,154.26,154.27,153.88,154.12,55.86377,62.53148,1002100
12/31/2018 13:15,154.13,154.35,154,154.28,57.20173,97.9451,1102500
12/31/2018 13:30,154.29,154.6,154.29,154.6,59.82486,145.627,759300
12/31/2018 13:45,154.6,154.64,153.98,154.02,53.4326,85.41277,1147400
12/31/2018 14:00,154.02,154.09,153.7,153.76,50.81152,18.31747,700500
12/31/2018 14:15,153.76,153.92,153.43,153.72,50.40197,-12.79441,958600
12/31/2018 14:30,153.71,153.96,153.18,153.25,45.73645,-57.96892,1719400
12/31/2018 14:45,153.25,153.62,153.06,153.58,49.28608,-70.83272,1114500
12/31/2018 15:00,153.57,154.05,153.47,153.61,49.60878,-22.5932,1228700
12/31/2018 15:15,153.6,154,153.38,153.51,48.5008,-55.37519,1259400
12/31/2018 15:30,153.5,153.84,153.33,153.56,49.11278,-69.66545,1417000
12/31/2018 15:45,153.57,153.94,153.55,153.78,51.82526,-26.18412,2310200
12/31/2018 16:00,153.79,154.26,153.01,154.26,57.18727,-4.662385,6004600
1/2/2019 9:45,151,151.96,150.88,151.82,35.53511,-360.5887,6026700
1/2/2019 10:00,151.82,152.43,151.82,152.26,39.95031,-179.8083,2645800
1/2/2019 10:15,152.24,153.22,151.76,153.09,47.28504,-88.93802,2703900
1/2/2019 10:30,153.1,153.59,152.81,152.98,46.47484,-25.60776,2821100
1/2/2019 10:45,152.98,153.64,152.64,153.59,51.44346,2.731847,1854700
1/2/2019 11:00,153.58,154.02,153.35,153.77,52.83484,60.54121,2235800
1/2/2019 11:15,153.77,154.43,153.57,154.4,57.43217,108.3857,2533600
1/2/2019 11:30,154.4,154.8,154.1,154.24,55.94091,120.7993,2714700
1/2/2019 11:45,154.26,154.5,153.86,154.39,57.06646,91.58672,1691800
1/2/2019 12:00,154.39,154.47,153.65,153.7,50.65557,54.68565,1614300
1/2/2019 12:15,153.7,154.01,153.57,153.97,52.88602,42.52618,1574500
1/2/2019 12:30,153.96,154.05,153.69,153.97,55.073,44.52122,1060500
1/2/2019 12:45,153.97,154.79,153.97,154.65,60.09669,92.47814,1788000
1/2/2019 13:00,154.66,155.02,154.51,154.89,61.72355,110.6574,1248000
1/2/2019 13:15,154.88,155.43,154.88,155.23,63.96487,145.6208,1484300
1/2/2019 13:30,155.24,155.51,155.09,155.34,64.68536,144.138,1151000
1/2/2019 13:45,155.34,155.7,155.24,155.37,64.89153,137.3405,1247600
1/2/2019 14:00,155.38,155.75,155.37,155.71,67.22687,131.3682,1189500
1/2/2019 14:15,155.71,155.73,154.77,154.94,57.84317,65.87548,1311600
1/2/2019 14:30,154.93,155.47,154.86,155.25,60.24881,60.93974,823000
1/2/2019 14:45,155.26,155.66,154.94,155.12,58.73509,58.2317,1124100
1/2/2019 15:00,155.12,155.48,154.85,154.86,55.72001,31.66277,954800
1/2/2019 15:15,154.86,155.1,154.2,154.62,53.01457,-27.42021,2525900
1/2/2019 15:30,154.62,154.7,154.13,154.33,49.86417,-71.35431,1725400
1/2/2019 15:45,154.32,154.32,153.86,154,46.47928,-126.098,2547600
1/2/2019 16:00,154,155.05,154,154.88,55.21067,-52.69442,3497600
1/3/2019 9:45,152.63,153.26,152.16,152.58,37.8366,-272.4709,6629600
1/3/2019 10:00,152.61,152.61,151.65,152.01,34.90501,-223.8126,3370000
1/3/2019 10:15,152.01,152.01,150.79,150.83,29.76383,-199.3747,4297100
1/3/2019 10:30,150.83,151.47,150.4,151.32,34.10432,-152.2709,3796400
1/3/2019 10:45,151.31,151.32,150,150.15,29.42791,-136.85,3431900
1/3/2019 11:00,150.15,151.04,150.11,151,36.26536,-103.8605,2431200
1/3/2019 11:15,151.02,151.71,150.9,151.47,39.74183,-67.09909,3105300
1/3/2019 11:30,151.49,152,151.32,151.36,39.20287,-51.46409,2360400
1/3/2019 11:45,151.37,152.75,151.12,152.46,46.95066,-21.72085,3156100
1/3/2019 12:00,152.46,152.66,151.85,152.03,44.56007,-10.35975,1984000
1/3/2019 12:15,152.04,152.28,151.5,151.9,43.83339,-18.50096,1892700
1/3/2019 12:30,151.91,152.08,151.31,151.5,41.5863,-27.46627,1223600
1/3/2019 12:45,151.5,151.89,151.17,151.42,41.13212,-29.02582,1133800
1/3/2019 13:00,151.42,152.03,151.42,151.86,44.70875,26.33719,1173100
1/3/2019 13:15,151.86,151.86,151.09,151.38,41.73015,-9.815935,1257400
1/3/2019 13:30,151.38,151.38,150.55,150.98,39.37582,-77.49117,2317900
1/3/2019 13:45,150.98,151.38,150.55,151.22,41.50812,-59.75871,1482200
1/3/2019 14:00,151.23,151.25,150.24,150.41,36.80336,-113.9723,2112300
1/3/2019 14:15,150.39,150.88,150.24,150.59,38.47226,-126.4261,1615700
1/3/2019 14:30,150.59,151.3,150.47,151.22,44.04245,-66.84344,2031400
1/3/2019 14:45,151.25,151.51,150.63,150.64,40.41492,-67.38587,1929900
1/3/2019 15:00,150.64,150.71,150.05,150.22,37.97572,-126.9636,2848300
1/3/2019 15:15,150.23,150.38,149.74,149.75,35.40084,-151.3831,2794500
1/3/2019 15:30,149.76,150.37,149.74,150.13,39.00199,-123.4835,2241600
1/3/2019 15:45,150.13,150.76,149.93,150.05,38.5152,-85.47401,3791100
1/3/2019 16:00,150.05,150.32,149.49,149.7,36.3761,-119.873,6032500
1/4/2019 9:45,152.29,153.01,151.74,152.88,58.77734,200.8834,6426200
1/4/2019 10:00,152.88,153.41,152.69,153.33,60.87655,221.3185,2767300
1/4/2019 10:15,153.47,153.59,153.09,153.1,59.21674,177.4383,2044300
1/4/2019 10:30,153.1,154.75,152.67,154.75,66.31284,163.8677,4641000
1/4/2019 10:45,154.74,154.99,154.4,154.48,64.34,144.2923,3840800
1/4/2019 11:00,154.49,155.21,154.47,155.2,67.14685,125.6824,1939500
1/4/2019 11:15,155.19,155.74,154.99,155.48,68.19527,117.8417,2517500
1/4/2019 11:30,155.48,155.64,155.1,155.39,67.4502,99.96925,2512500
1/4/2019 11:45,155.37,155.56,155.08,155.4,67.49268,86.26014,2528400
1/4/2019 12:00,155.4,155.91,155.4,155.62,68.46811,86.83631,2008700
1/4/2019 12:15,155.61,155.87,155.35,155.79,69.23627,78.46746,1470200
1/4/2019 12:30,155.79,156.24,155.74,156.02,70.29087,84.44382,2189800
1/4/2019 12:45,156,156.32,155.89,156.25,71.34854,86.40572,1622700
1/4/2019 13:00,156.25,156.49,156.13,156.28,71.4911,96.23545,1436600
1/4/2019 13:15,156.29,156.8,156.29,156.69,73.43653,112.4914,1980500
1/4/2019 13:30,156.7,156.76,156.52,156.72,73.57859,115.1998,1590200
1/4/2019 13:45,156.72,157,156.3,156.31,68.20928,95.44328,3195800
1/4/2019 14:00,156.32,156.65,156.19,156.44,68.98221,72.06784,2406700
1/4/2019 14:15,156.44,156.49,156.05,156.39,68.29444,49.47612,2064900
1/4/2019 14:30,156.38,156.77,156.24,156.67,70.09259,76.58456,1223800
1/4/2019 14:45,156.67,156.81,156.54,156.61,69.18711,83.1961,753300
1/4/2019 15:00,156.62,156.63,155.87,155.89,59.28875,-16.68043,3158300
1/4/2019 15:15,155.89,156.35,155.83,156.25,62.20065,-31.51073,1996400
1/4/2019 15:30,156.25,156.46,155.7,155.81,56.84862,-84.54878,2326100
1/4/2019 15:45,155.81,156.16,155.7,156.11,59.41291,-100.1974,2227300
1/4/2019 16:00,156.11,156.43,156.06,156.39,61.70051,-15.21265,6344400
1/7/2019 9:45,156.57,156.91,156.16,156.74,64.40154,75.14637,5555400
1/7/2019 10:00,156.74,157.04,156.11,156.64,63.03367,63.65657,2602700
1/7/2019 10:15,156.64,156.98,156.26,156.37,59.3674,46.98299,1953500
1/7/2019 10:30,156.37,156.96,156.2,156.85,63.43875,89.05191,3639700
1/7/2019 10:45,156.84,157.53,156.84,157.25,66.45506,202.8853,2301000
1/7/2019 11:00,157.25,157.59,157.14,157.44,67.81345,189.8565,3248000
1/7/2019 11:15,157.44,157.62,157.29,157.42,67.50351,162.6006,1698000
1/7/2019 11:30,157.43,157.57,157.1,157.21,64.18713,108.1511,1483200
1/7/2019 11:45,157.22,157.95,157.13,157.92,69.62141,129.455,2291800
1/7/2019 12:00,157.92,158.49,157.9,158.45,72.92426,161.3911,2297300
1/7/2019 12:15,158.45,158.53,158.09,158.24,69.69122,133.283,1184500
1/7/2019 12:30,158.23,158.58,158.15,158.48,71.25945,127.241,865000
1/7/2019 12:45,158.48,158.64,158.32,158.51,71.45825,119.4825,644900
1/7/2019 13:00,158.52,158.69,158.36,158.57,71.87734,105.0172,731200
1/7/2019 13:15,158.57,158.86,158.56,158.7,72.80867,103.5294,1093900
1/7/2019 13:30,158.73,158.78,158.47,158.62,71.24489,81.76821,1255000
1/7/2019 13:45,158.61,158.74,158.46,158.68,71.73518,73.11486,810200
1/7/2019 14:00,158.68,158.68,158.08,158.2,62.54685,30.89614,1517600
1/7/2019 14:15,158.2,158.42,157.93,158.13,61.31358,0.1176858,840300
1/7/2019 14:30,158.13,158.29,157.92,157.94,57.9719,-30.18122,943600
1/7/2019 14:45,157.94,158.11,157.76,157.92,57.61586,-68.96111,879300
1/7/2019 15:00,157.92,157.99,157.55,157.64,52.73396,-139.2992,1573500
1/7/2019 15:15,157.64,158.26,157.62,158.22,60.24786,-76.26289,1068100
1/7/2019 15:30,158.22,158.48,158.21,158.36,61.82537,13.33607,1180100
1/7/2019 15:45,158.36,158.41,157.97,158.2,58.94627,-28.58974,2070900
1/7/2019 16:00,158.2,158.41,157.92,158.02,55.79837,-43.19542,4712900
1/8/2019 9:45,159.58,160.11,159.48,159.91,72.44095,276.1451,6454100
1/8/2019 10:00,159.9,159.94,158.87,159.01,60.71725,134.6969,2774900
1/8/2019 10:15,159.01,159.4,158.6,158.69,57.17436,69.86951,2433700
1/8/2019 10:30,158.69,158.74,158.21,158.47,54.80653,7.230137,2306600
1/8/2019 10:45,158.47,158.63,157.81,157.84,48.59951,-47.30484,2568100
1/8/2019 11:00,157.84,157.87,157.2,157.6,46.4418,-115.1682,2595700
1/8/2019 11:15,157.61,158.42,157.54,158.13,51.55696,-43.09925,2535000
1/8/2019 11:30,158.12,158.48,158.05,158.1,51.25855,-18.84588,1270300
1/8/2019 11:45,158.11,158.21,157.73,158.06,50.83595,-51.18633,1462300
1/8/2019 12:00,158.05,158.54,158.04,158.49,55.11884,-4.818428,1210700
1/8/2019 12:15,158.49,158.68,158.39,158.65,56.63258,23.60908,1289800
1/8/2019 12:30,158.65,159.11,158.57,158.94,59.31152,60.88492,1160000
1/8/2019 12:45,158.94,159.06,158.65,158.88,58.50631,50.64705,1182000
1/8/2019 13:00,158.89,158.98,158.25,158.54,54.02971,6.863609,1245700
1/8/2019 13:15,158.54,159.02,158.32,158.93,57.9994,52.71059,1064800
1/8/2019 13:30,158.93,159.08,158.79,158.95,58.19879,95.83425,862500
1/8/2019 13:45,158.96,159.13,158.85,158.87,57.03267,96.12115,729600
1/8/2019 14:00,158.87,159.51,158.66,159.36,62.0485,115.5916,2186200
1/8/2019 14:15,159.35,159.54,159.24,159.54,63.7237,138.9239,891500
1/8/2019 14:30,159.53,159.62,159.14,159.28,59.6293,113.3817,1100600
1/8/2019 14:45,159.28,159.54,159.2,159.51,61.95789,113.9771,727900
1/8/2019 15:00,159.51,159.68,159.32,159.4,60.17029,109.857,1009600
1/8/2019 15:15,159.39,159.49,159.06,159.47,60.94263,72.4678,1007600
1/8/2019 15:30,159.46,159.63,159.37,159.61,62.50832,99.65476,916200
1/8/2019 15:45,159.61,159.74,159.39,159.5,60.4576,90.04475,1736500
1/8/2019 16:00,159.5,159.62,159.35,159.56,61.20519,72.6461,4462600
1/9/2019 9:45,160.18,160.62,159.69,160.31,69.07587,201.7597,5131800
1/9/2019 10:00,160.31,160.76,159.82,160.6,71.48493,215.5622,2961900
1/9/2019 10:15,160.6,160.78,160.07,160.16,63.41333,160.484,2077200
1/9/2019 10:30,160.16,160.74,160.08,160.59,67.29925,136.4104,1714200
1/9/2019 10:45,160.58,160.59,159.63,159.68,54.18323,41.03233,1959700
1/9/2019 11:00,159.68,160.16,159.47,160.02,57.51491,19.32907,1679100
1/9/2019 11:15,160.02,160.64,159.9,160.42,61.09874,82.99323,1418200
1/9/2019 11:30,160.43,160.77,160.24,160.64,62.94995,105.2885,1376600
1/9/2019 11:45,160.65,160.68,160.34,160.44,60.14778,82.21415,1269300
1/9/2019 12:00,160.45,161.1,160.38,160.84,63.6344,113.8535,2478200
1/9/2019 12:15,160.84,160.99,160.69,160.88,63.97391,118.2109,693800
1/9/2019 12:30,160.87,161.06,160.83,160.96,64.68392,125.4993,687300
1/9/2019 12:45,160.96,161.22,160.9,160.97,64.77732,128.8356,1102900
1/9/2019 13:00,160.97,161.25,160.93,161.2,66.94374,131.5769,1240600
1/9/2019 13:15,161.2,161.25,160.93,161.1,65.06993,102.5996,866700
1/9/2019 13:30,161.1,161.28,161.04,161.16,65.6905,97.05225,1027800
1/9/2019 13:45,161.16,161.22,161.06,161.17,65.7995,82.85735,490100
1/9/2019 14:00,161.17,161.18,160.78,160.98,61.78106,45.6489,1001000
1/9/2019 14:15,160.98,161.52,160.96,161.21,64.59956,88.37773,1958300
1/9/2019 14:30,161.2,161.23,160.24,160.53,52.31602,-61.29344,2193400
1/9/2019 14:45,160.53,160.9,160.28,160.88,56.86269,-72.20476,964300
1/9/2019 15:00,160.88,161.21,160.86,161,58.32965,29.74788,1219600
1/9/2019 15:15,161,161.29,160.93,161.14,60.03719,59.84923,806100
1/9/2019 15:30,161.14,161.32,161.05,161.11,59.4748,70.8633,1158400
1/9/2019 15:45,161.11,161.16,160.66,160.83,54.3567,-68.14005,1464400
1/9/2019 16:00,160.83,160.86,160.35,160.78,53.47174,-140.6791,3638400
1/10/2019 9:45,159.6,159.72,159.05,159.18,34.25426,-335.3545,3222500
1/10/2019 10:00,159.17,159.29,158.7,159,32.82505,-245.1113,1970300
1/10/2019 10:15,158.99,159.47,158.92,159.28,37.21371,-150.6557,1378900
1/10/2019 10:30,159.28,160.13,159,160.08,47.72263,-74.9518,2139200
1/10/2019 10:45,160.08,160.18,159.89,160.01,46.98156,-37.54994,1610200
1/10/2019 11:00,159.99,160.5,159.86,160.39,51.39377,-10.78273,1066200
1/10/2019 11:15,160.39,160.59,160.23,160.46,52.18326,14.094,805600
1/10/2019 11:30,160.46,160.57,160.06,160.15,48.43174,-1.089947,1012200
1/10/2019 11:45,160.15,160.69,160.15,160.44,51.91437,20.73014,1037200
1/10/2019 12:00,160.44,160.63,160.24,160.59,53.65758,33.98494,763600
1/10/2019 12:15,160.58,160.8,160.28,160.4,51.12902,42.91597,964700
1/10/2019 12:30,160.4,160.66,160.34,160.59,53.48938,57.32824,621300
1/10/2019 12:45,160.59,160.68,160.42,160.54,52.76709,65.4343,617000
1/10/2019 13:00,160.54,161.14,160.52,160.89,57.13078,105.6017,1596500
1/10/2019 13:15,160.89,160.93,160.08,160.12,46.87143,31.83113,1618000
1/10/2019 13:30,160.12,160.3,159.89,160.28,48.92396,-27.00225,1266200
1/10/2019 13:45,160.27,160.34,159.61,159.76,43.09668,-122.6708,1235100
1/10/2019 14:00,159.77,160.25,159.76,160.2,48.66808,-91.56275,1288200
1/10/2019 14:15,160.18,160.86,160.18,160.72,54.35593,74.11163,1316900
1/10/2019 14:30,160.72,161.12,160.69,160.76,54.77102,147.0363,1274700
1/10/2019 14:45,160.77,160.93,160.58,160.87,55.9574,104.4412,893600
1/10/2019 15:00,160.87,160.91,160.47,160.77,54.55651,72.34854,1538800
1/10/2019 15:15,160.77,160.99,160.67,160.96,56.77115,102.8499,856100
1/10/2019 15:30,160.96,161.12,160.84,161.06,57.93302,117.065,659700
1/10/2019 15:45,161.06,161.36,160.88,161.3,60.66578,131.0614,1409200
1/10/2019 16:00,161.3,161.37,161.12,161.23,59.45256,119.7033,3802900
1/11/2019 9:45,160.34,160.47,159.9,159.97,42.84507,-93.95656,3060400
1/11/2019 10:00,159.98,160.26,159.79,160.19,45.69738,-84.09541,1692500
1/11/2019 10:15,160.19,160.62,160.18,160.45,48.94035,-26.81029,1297400
1/11/2019 10:30,160.44,160.53,159.86,159.86,42.70738,-82.53169,966700
1/11/2019 10:45,159.88,160.46,159.8,160.37,48.7799,-69.01443,1279800
1/11/2019 11:00,160.37,160.58,160.07,160.51,50.33607,-43.56297,839000
1/11/2019 11:15,160.51,160.6,159.99,160.09,45.83685,-64.8528,936100
1/11/2019 11:30,160.08,160.3,160.02,160.12,46.2067,-69.29704,669600
1/11/2019 11:45,160.12,160.39,160.06,160.37,49.31298,-41.14175,691800
1/11/2019 12:00,160.37,160.55,160.34,160.46,50.42302,-5.393802,880400
1/11/2019 12:15,160.46,160.66,160.37,160.49,50.80966,12.11543,724800
1/11/2019 12:30,160.49,160.65,160.43,160.6,52.2793,35.64546,947600
1/11/2019 12:45,160.6,160.84,160.57,160.75,54.28495,98.87353,691500
1/11/2019 13:00,160.75,160.76,160.6,160.69,53.31961,121.2347,474100
1/11/2019 13:15,160.69,160.72,160.19,160.24,46.62292,6.793312,1173700
1/11/2019 13:30,160.24,160.32,160.04,160.23,46.48307,-74.7431,699900
1/11/2019 13:45,160.23,160.37,160.13,160.34,48.31777,-34.79992,398300
1/11/2019 14:00,160.34,160.34,160.15,160.22,46.44715,-61.21859,663600
1/11/2019 14:15,160.22,160.56,160.09,160.48,50.88412,-5.206942,620000
1/11/2019 14:30,160.48,160.55,160.38,160.52,51.54935,39.99499,702200
1/11/2019 14:45,160.52,160.61,160.46,160.6,52.92244,62.58423,515700
1/11/2019 15:00,160.59,160.62,160.36,160.42,49.52171,13.34567,675900
1/11/2019 15:15,160.42,160.72,160.4,160.61,52.95786,62.4372,717200
1/11/2019 15:30,160.62,160.63,160.43,160.45,49.87866,20.04886,864800
1/11/2019 15:45,160.46,160.82,160.44,160.75,55.14489,96.44595,995100
1/11/2019 16:00,160.76,160.86,160.67,160.76,55.31334,123.2551,2421200
1/14/2019 9:45,159.32,159.35,158.59,159.06,32.77023,-362.0244,3614100
1/14/2019 10:00,159.06,159.22,158.77,158.85,31.08494,-232.9059,1468200
1/14/2019 10:15,158.85,159.27,158.72,159.18,36.60247,-148.0405,1524400
1/14/2019 10:30,159.18,159.53,159.05,159.36,39.45036,-89.58282,1445100
1/14/2019 10:45,159.35,159.75,159.28,159.74,45.061,-48.83994,1153200
1/14/2019 11:00,159.74,159.91,159.47,159.77,45.49041,-30.30359,1164800
1/14/2019 11:15,159.77,159.87,159.47,159.63,43.77097,-31.32495,994700
1/14/2019 11:30,159.62,159.73,159.35,159.55,42.77597,-37.37324,867900
1/14/2019 11:45,159.55,159.93,159.44,159.86,47.73391,-9.855215,806100
1/14/2019 12:00,159.86,159.88,159.48,159.64,44.76938,-13.6837,844500
1/14/2019 12:15,159.65,159.74,159.48,159.73,46.24024,-8.307281,439700
1/14/2019 12:30,159.73,159.91,159.67,159.74,46.41118,23.66794,660700
1/14/2019 12:45,159.74,159.77,159.56,159.77,46.95555,27.45006,546900
1/14/2019 13:00,159.77,159.83,159.66,159.69,45.62449,60.33602,1266900
1/14/2019 13:15,159.68,159.81,159.53,159.79,47.62296,52.35437,466300
1/14/2019 13:30,159.79,159.87,159.71,159.74,46.69892,76.65967,442800
1/14/2019 13:45,159.74,159.92,159.74,159.87,49.44593,130.8444,324400
1/14/2019 14:00,159.87,159.96,159.7,159.73,46.65697,97.50111,547800
1/14/2019 14:15,159.71,159.77,159.48,159.6,44.166,-102.6574,583400
1/14/2019 14:30,159.6,159.62,159.36,159.45,41.4179,-186.3803,1102500
1/14/2019 14:45,159.45,159.63,159.44,159.61,45.32564,-97.9084,463900
1/14/2019 15:00,159.61,159.82,159.58,159.76,48.77524,20.95295,554900
1/14/2019 15:15,159.77,159.83,159.61,159.65,46.46013,2.903526,864900
1/14/2019 15:30,159.66,159.88,159.61,159.7,47.67592,30.35714,1942100
1/14/2019 15:45,159.69,159.77,159.48,159.5,43.42811,-95.65131,903600
1/14/2019 16:00,159.5,159.55,159.12,159.3,39.62595,-211.368,3328800
1/15/2019 9:45,159.96,161.32,159.91,161.28,68.77371,398.8036,4086200
1/15/2019 10:00,161.28,161.66,161.19,161.56,70.91236,290.7751,2225800
1/15/2019 10:15,161.57,162.15,161.57,161.72,72.08877,206.0215,3737400
1/15/2019 10:30,161.72,161.76,161.29,161.47,67.49554,125.8827,1641200
1/15/2019 10:45,161.5,161.76,161.24,161.63,68.86296,102.0437,1772300
1/15/2019 11:00,161.63,161.76,161.41,161.66,69.12521,88.42445,1138500
1/15/2019 11:15,161.66,161.77,161.39,161.52,66.31796,72.50277,1206200
1/15/2019 11:30,161.52,161.64,161.39,161.56,66.73357,61.67877,720000
1/15/2019 11:45,161.56,162.05,161.49,161.92,70.28773,74.54073,1187500
1/15/2019 12:00,161.92,162.31,161.84,162.26,73.19994,89.19548,1082300
1/15/2019 12:15,162.26,162.53,162.26,162.41,74.39249,104.3798,1350800
1/15/2019 12:30,162.41,162.6,162.34,162.38,73.68634,109.2402,791400
1/15/2019 12:45,162.38,162.42,162.22,162.34,72.69524,100.9,872000
1/15/2019 13:00,162.33,162.42,162.16,162.26,70.64897,85.87445,597700
1/15/2019 13:15,162.26,162.39,162.22,162.26,68.57033,73.49133,588300
1/15/2019 13:30,162.25,162.41,162.19,162.35,69.65222,67.40591,374700
1/15/2019 13:45,162.35,162.5,162.33,162.45,70.85252,76.84819,427100
1/15/2019 14:00,162.45,162.46,162.26,162.35,67.95792,57.17271,790700
1/15/2019 14:15,162.34,162.54,162.2,162.24,64.82055,45.88693,982900
1/15/2019 14:30,162.23,162.24,161.45,161.5,48.57419,-99.50204,1436400
1/15/2019 14:45,161.49,161.66,161.16,161.58,50.03227,-156.7106,1811800
1/15/2019 15:00,161.57,161.92,161.49,161.89,55.31879,-97.7673,879200
1/15/2019 15:15,161.89,162.26,161.82,162.17,59.48793,-23.77086,1153300
1/15/2019 15:30,162.16,162.22,161.99,162.12,58.43923,-15.54988,854100
1/15/2019 15:45,162.13,162.34,162.06,162.28,60.81942,21.25625,1451200
1/15/2019 16:00,162.28,162.48,162.23,162.43,62.96091,67.84301,4280600
1/16/2019 9:45,162.64,163.28,162.55,163.21,71.6414,207.4626,2677500
1/16/2019 10:00,163.21,163.78,163.21,163.43,73.52584,239.7128,2394900
1/16/2019 10:15,163.44,163.66,163.31,163.52,74.27898,178.7685,1669000
1/16/2019 10:30,163.52,163.53,163.06,163.1,64.98879,106.8177,1425500
1/16/2019 10:45,163.11,163.22,162.37,162.52,54.79638,31.8631,1597600
1/16/2019 11:00,162.52,162.83,162.39,162.69,56.92857,20.41779,1138800
1/16/2019 11:15,162.7,162.96,162.29,162.95,60.03352,28.50442,1559100
1/16/2019 11:30,162.95,163.14,162.84,163.03,60.96598,53.98488,1113800
1/16/2019 11:45,163.03,163.24,162.88,163.01,60.58535,51.55262,703900
1/16/2019 12:00,163.01,163.05,162.37,162.53,52.16885,-21.26597,1214500
1/16/2019 12:15,162.52,162.76,162.48,162.63,53.61468,-35.95683,598100
1/16/2019 12:30,162.62,162.72,162.3,162.59,52.92542,-63.48997,1050000
1/16/2019 12:45,162.59,162.68,162.35,162.63,53.56826,-69.25044,645000
1/16/2019 13:00,162.63,162.9,162.54,162.78,55.99445,-35.86948,526800
1/16/2019 13:15,162.78,162.78,162.57,162.62,52.82357,-49.79522,469500
1/16/2019 13:30,162.62,162.75,162.53,162.57,51.83597,-55.10569,712700
1/16/2019 13:45,162.57,162.66,162.53,162.56,51.62782,-66.71178,365000
1/16/2019 14:00,162.56,162.76,162.5,162.63,53.04789,-39.26669,631100
1/16/2019 14:15,162.63,162.79,162.63,162.72,54.88163,11.66375,437100
1/16/2019 14:30,162.72,162.92,162.72,162.85,57.4659,69.82105,665900
1/16/2019 14:45,162.85,163.04,162.81,162.94,59.20775,103.6386,672800
1/16/2019 15:00,162.94,162.98,162.68,162.7,52.97697,46.47432,933500
1/16/2019 15:15,162.71,162.92,162.66,162.74,53.84886,61.80093,1026700
1/16/2019 15:30,162.74,162.94,162.7,162.85,56.25073,86.30248,1790200
1/16/2019 15:45,162.84,162.85,162.38,162.52,48.15406,-73.74783,1692800
1/16/2019 16:00,162.52,162.64,162.3,162.35,44.59316,-156.4116,3035400
1/17/2019 9:45,161.79,162.21,161.57,162.14,40.59909,-293.4791,2116400
1/17/2019 10:00,162.15,162.78,162.11,162.65,51.87256,-50.63324,1288800
1/17/2019 10:15,162.65,162.69,162.35,162.61,51.05428,-31.00594,1110100
1/17/2019 10:30,162.6,162.83,162.24,162.58,50.41189,-28.18755,1239800
1/17/2019 10:45,162.58,162.58,162.28,162.45,47.61575,-65.58342,619800
1/17/2019 11:00,162.45,162.64,162.31,162.57,50.35329,-34.73215,604300
1/17/2019 11:15,162.57,162.79,162.56,162.67,52.57698,28.54401,1141400
1/17/2019 11:30,162.69,162.86,162.57,162.72,53.69395,50.59304,589400
1/17/2019 11:45,162.72,162.86,162.66,162.77,54.83946,80.00056,603600
1/17/2019 12:00,162.77,162.86,162.52,162.65,51.54379,48.51381,515800
1/17/2019 12:15,162.66,162.82,162.56,162.72,53.30664,63.74979,658900
1/17/2019 12:30,162.72,162.78,162.56,162.7,52.71647,64.23522,381100
1/17/2019 12:45,162.7,162.81,162.66,162.67,51.79047,71.42158,334000
1/17/2019 13:00,162.68,162.71,162.45,162.5,46.77615,-9.419635,750300
1/17/2019 13:15,162.5,162.71,162.5,162.64,50.98495,-0.9282873,354100
1/17/2019 13:30,162.65,162.9,162.64,162.79,55.08316,107.6919,861800
1/17/2019 13:45,162.79,162.86,162.58,162.62,49.98238,33.01187,403700
1/17/2019 14:00,162.63,162.72,162.54,162.72,52.7541,5.300139,561700
1/17/2019 14:15,162.72,162.79,162.66,162.7,52.13178,54.71305,341600
1/17/2019 14:30,162.71,162.77,162.58,162.63,49.91318,-42.57048,730100
1/17/2019 14:45,162.63,163.7,162.52,163.7,70.5482,410.3928,3725000
1/17/2019 15:00,163.69,164.36,163.05,163.31,60.72765,281.3091,4716600
1/17/2019 15:15,163.32,163.43,162.91,163.12,56.5943,98.92365,2033200
1/17/2019 15:30,163.12,163.47,163.03,163.47,61.75796,112.767,1683000
1/17/2019 15:45,163.45,163.68,163.37,163.44,61.08719,119.577,1946900
1/17/2019 16:00,163.44,163.64,163.25,163.63,63.77115,99.19196,5240900
1/18/2019 9:45,164.86,164.99,164.15,164.23,70.65444,205.0614,5373300
1/18/2019 10:00,164.22,164.47,163.91,164.16,69.00732,135.971,3405700
1/18/2019 10:15,164.16,164.27,163.82,164.2,69.44563,107.339,1715900
1/18/2019 10:30,164.21,164.87,164.2,164.47,72.29441,135.3679,5163300
1/18/2019 10:45,164.47,165.1,164.44,165.01,76.9276,142.7937,1901400
1/18/2019 11:00,165.01,165.27,164.91,165.25,78.63755,139.8542,1797500
1/18/2019 11:15,165.25,165.76,165.19,165.44,79.90711,142.9485,3092300
1/18/2019 11:30,165.43,165.75,165.32,165.69,81.46774,133.6948,1630100
1/18/2019 11:45,165.69,165.74,165.47,165.58,78.57583,112.9264,1682200
1/18/2019 12:00,165.58,165.67,165.38,165.67,79.22557,95.66692,1288900
1/18/2019 12:15,165.68,165.88,165.55,165.83,80.36568,96.25896,1977800
1/18/2019 12:30,165.82,165.96,165.7,165.89,80.79137,93.46858,1656500
1/18/2019 12:45,165.9,166.02,165.79,165.91,80.93975,88.5069,1741100
1/18/2019 13:00,165.91,165.91,165.69,165.86,79.29094,73.22736,625300
1/18/2019 13:15,165.86,165.93,165.55,165.65,72.6017,53.69136,1676400
1/18/2019 13:30,165.66,165.74,165.4,165.48,67.62804,24.44657,655200
1/18/2019 13:45,165.49,165.56,165.29,165.4,65.35883,-14.7292,1716500
1/18/2019 14:00,165.4,165.5,165.3,165.48,66.56695,-38.69321,416700
1/18/2019 14:15,165.48,165.49,165.19,165.31,61.64704,-100.0445,651200
1/18/2019 14:30,165.31,165.4,164.93,164.97,53.18119,-187.4515,1304100
1/18/2019 14:45,164.97,165.01,164.61,164.74,48.34462,-218.8266,1687400
1/18/2019 15:00,164.73,165.07,164.7,165.01,53.67112,-136.1627,989100
1/18/2019 15:15,165.02,165.1,164.82,165.04,54.23579,-100.6919,2174400
1/18/2019 15:30,165.04,165.09,164.84,164.94,51.96241,-89.63078,1465000
1/18/2019 15:45,164.94,165.16,164.83,165.13,55.7574,-62.16559,2453700
1/18/2019 16:00,165.14,165.29,164.71,165.25,58.01336,-44.70587,5502400
