Timestamp,Open,High,Low,Close,Rsi,Cci,Volume
12/12/2018 11:45,167.11,167.21,166.85,167.19,,,1166300
12/12/2018 12:00,167.18,167.47,167.04,167.32,,,1280400
12/12/2018 12:15,167.33,167.5,166.96,167.05,,,1753000
12/12/2018 12:30,167.05,167.22,166.86,167.22,,,945900
12/12/2018 12:45,167.23,167.31,166.97,167.14,,,1066900
12/12/2018 13:00,167.14,167.51,167,167.43,,,759500
12/12/2018 13:15,167.43,167.59,167.25,167.52,,,806000
12/12/2018 13:30,167.53,167.6,167.27,167.45,,,1369600
12/12/2018 13:45,167.44,167.48,167.16,167.19,,,695700
12/12/2018 14:00,167.19,167.3,166.9,167.04,,,1326400
12/12/2018 14:15,167.04,167.09,166.14,166.32,,,1948600
12/12/2018 14:30,166.32,166.54,165.69,165.84,,,2117300
12/12/2018 14:45,165.84,166.05,165.42,165.63,,,2164900
12/12/2018 15:00,165.63,166.08,165.34,165.95,,-145.6488,2096000
12/12/2018 15:15,165.94,166.4,165.74,166.16,,-84.55379,1613100
12/12/2018 15:30,166.17,166.17,165.47,165.52,29.58443,-105.0701,1725900
12/12/2018 15:45,165.52,166.26,165.52,166.07,38.49196,-68.88752,1754400
12/12/2018 16:00,166.06,166.06,164.96,165.05,30.72856,-110.415,4152000
12/13/2018 9:45,166.05,166.69,165.61,166.05,42.88981,-30.60089,2750100
12/13/2018 10:00,166.05,166.27,165.38,165.58,39.38964,-61.75107,2092400
12/13/2018 10:15,165.57,166.82,165.55,166.63,49.3369,14.38357,2109100
12/13/2018 10:30,166.64,166.7,165.8,165.95,44.26966,3.011085,1606900
12/13/2018 10:45,165.95,166,165.23,165.4,40.63446,-96.18531,1745900
12/13/2018 11:00,165.4,165.59,164.55,165.26,39.73992,-163.5222,2790200
12/13/2018 11:15,165.26,165.44,164.8,164.98,37.94095,-154.3182,1402400
12/13/2018 11:30,164.98,165.32,164.61,165.18,40.02923,-131.6653,1770300
12/13/2018 11:45,165.18,165.79,164.96,165.71,45.28393,-36.92158,1615800
12/13/2018 12:00,165.7,165.73,164.75,164.76,38.73283,-95.04311,1983400
12/13/2018 12:15,164.76,164.87,164.32,164.64,37.98535,-147.5576,2471400
12/13/2018 12:30,164.64,164.76,164.14,164.31,35.93163,-144.4949,1232800
12/13/2018 12:45,164.31,164.96,164.27,164.7,40.0564,-95.83393,1319000
12/13/2018 13:00,164.7,164.92,164.51,164.64,39.63366,-76.76115,1313200
12/13/2018 13:15,164.64,164.75,164.23,164.62,39.48403,-88.74334,1234500
12/13/2018 13:30,164.6,164.79,164.19,164.48,38.39169,-86.93707,1340800
12/13/2018 13:45,164.48,165.44,164.46,165.24,46.96889,9.454635,1918200
12/13/2018 14:00,165.25,165.29,164.55,164.69,42.37151,-12.77999,1068300
12/13/2018 14:15,164.7,164.79,164.16,164.37,39.92299,-91.55047,1484900
12/13/2018 14:30,164.37,164.46,164.03,164.46,40.95652,-105.0547,1546300
12/13/2018 14:45,164.46,164.58,164.06,164.26,39.3371,-97.63573,1074200
12/13/2018 15:00,164.26,164.9,164.2,164.75,45.06763,-16.39605,1156400
12/13/2018 15:15,164.75,164.82,164.34,164.64,44.06137,-5.690739,1001800
12/13/2018 15:30,164.64,165.03,164.64,164.79,45.83723,94.96481,1241100
12/13/2018 15:45,164.79,165.41,164.57,165.33,51.77326,162.2424,1839300
12/13/2018 16:00,165.34,165.49,164.98,165.1,49.29525,149.617,3530100
12/14/2018 9:45,163.23,163.26,162.37,162.82,32.62484,-331.4366,3366100
12/14/2018 10:00,162.81,163.42,162.68,163.24,36.86067,-191.9398,2469500
12/14/2018 10:15,163.22,163.58,163.01,163.26,37.06347,-126.7498,1523300
12/14/2018 10:30,163.26,163.75,162.92,163.06,35.82365,-103.5903,1627400
12/14/2018 10:45,163.03,163.31,162.75,163.14,36.73531,-96.8091,1356300
12/14/2018 11:00,163.14,163.81,163.06,163.37,39.40053,-54.70299,1699300
12/14/2018 11:15,163.37,163.78,163.13,163.28,38.71327,-48.53473,1354200
12/14/2018 11:30,163.28,163.49,162.81,163.01,36.6479,-64.85228,1664000
12/14/2018 11:45,163.02,163.41,162.95,162.96,36.26218,-57.40478,1293800
12/14/2018 12:00,162.96,162.98,162.06,162.2,30.93172,-107.4784,2610300
12/14/2018 12:15,162.2,162.63,162.09,162.13,30.48725,-114.9473,2619100
12/14/2018 12:30,162.13,162.66,162.08,162.59,36.90416,-98.89586,1484700
12/14/2018 12:45,162.59,162.9,162.39,162.48,36.04719,-79.63926,1311300
12/14/2018 13:00,162.48,162.64,162.32,162.39,35.32446,-87.17358,481900
12/14/2018 13:15,162.39,162.77,162.13,162.61,38.56705,-67.83997,1310400
12/14/2018 13:30,162.59,162.62,162.19,162.21,35.11948,-82.01245,656000
12/14/2018 13:45,162.21,162.23,161.66,162.04,33.73896,-122.369,2124400
12/14/2018 14:00,162.04,162.2,161.82,161.88,32.4464,-111.2138,1144300
12/14/2018 14:15,161.88,162.12,161.69,161.87,32.36286,-111.7591,1066900
12/14/2018 14:30,161.87,162.18,161.84,162.03,35.23339,-87.36861,1081800
12/14/2018 14:45,162.04,162.1,161.11,161.21,28.54688,-169.6785,3001600
12/14/2018 15:00,161.22,161.59,160.94,161.49,33.2081,-158.4688,2485300
12/14/2018 15:15,161.5,161.86,161.18,161.62,35.31771,-104.0483,2103700
12/14/2018 15:30,161.62,161.76,161.35,161.37,33.14917,-100.0333,1540800
12/14/2018 15:45,161.37,161.58,160.78,160.79,28.7402,-147.1485,1995500
12/14/2018 16:00,160.79,161.43,160.7,160.92,30.95687,-124.0287,6094700
12/17/2018 9:45,160.41,160.55,158.92,159.13,21.18526,-252.7313,6397400
12/17/2018 10:00,159.13,159.47,158.64,159.42,25.29918,-214.838,3672500
12/17/2018 10:15,159.41,160.31,159.23,160.24,35.54444,-112.2426,2140200
12/17/2018 10:30,160.26,160.68,159.96,160.4,37.34985,-62.5968,2260900
12/17/2018 10:45,160.38,160.66,159.63,160.52,38.73608,-57.15954,1929100
12/17/2018 11:00,160.51,160.88,160.12,160.59,39.5758,-26.94068,1836500
12/17/2018 11:15,160.6,161.41,160.53,161.27,47.15445,28.78853,2919500
12/17/2018 11:30,161.28,161.4,160.96,161.02,44.92362,43.82211,1388200
12/17/2018 11:45,161.02,161.06,160.51,160.64,41.69469,9.190615,1505500
12/17/2018 12:00,160.64,161.36,160.54,161.35,49.06162,51.63664,886900
12/17/2018 12:15,161.35,161.67,161.13,161.16,47.33789,82.98194,1154400
12/17/2018 12:30,161.14,161.24,160.73,160.83,44.41888,44.60469,946700
12/17/2018 12:45,160.83,160.85,159.86,160.06,38.4596,-34.28172,2109000
12/17/2018 13:00,160.06,160.22,159.55,159.56,35.16087,-81.75124,2141900
12/17/2018 13:15,159.56,159.86,159.29,159.55,35.09607,-108.6165,1541500
12/17/2018 13:30,159.55,159.55,158.94,159.13,32.39425,-154.4223,1861800
12/17/2018 13:45,159.13,159.4,158.28,158.62,29.43131,-172.3325,3132800
12/17/2018 14:00,158.62,158.8,158.29,158.38,28.12758,-152.3071,2381900
12/17/2018 14:15,158.38,158.56,157.89,158.2,27.1559,-134.828,2200900
12/17/2018 14:30,158.2,158.5,157.73,157.78,24.98697,-121.8701,4724900
12/17/2018 14:45,157.79,158.44,157.75,158.2,30.92808,-97.81491,1758200
12/17/2018 15:00,158.2,158.46,157.61,157.87,28.98556,-92.95078,1896400
12/17/2018 15:15,157.85,157.96,157.41,157.61,27.51907,-98.65701,2195400
12/17/2018 15:30,157.61,157.82,156.54,156.78,23.44164,-121.3008,3083400
12/17/2018 15:45,156.78,156.83,156.39,156.54,22.40775,-138.9947,4214900
12/17/2018 16:00,156.53,157.58,156.17,157.52,35.01199,-97.0528,10319800
12/18/2018 9:45,158.69,159.08,158.25,159,48.59307,48.84635,4776200
12/18/2018 10:00,159.01,159.27,158.84,159.11,49.43881,86.34222,2750300
12/18/2018 10:15,159.12,159.21,158.32,158.75,46.72926,67.08556,3019500
12/18/2018 10:30,158.76,159.1,158.5,158.99,48.74604,83.44096,1944900
12/18/2018 10:45,159,159.29,158.46,158.49,44.92978,70.93491,2213400
12/18/2018 11:00,158.49,159.14,158.37,158.9,48.49076,72.41249,2262500
12/18/2018 11:15,158.9,159.17,158.64,158.96,49.01051,73.95619,1050100
12/18/2018 11:30,158.95,158.95,158.04,158.29,43.70789,21.86941,1920300
12/18/2018 11:45,158.31,158.95,158.29,158.57,46.32174,35.24597,2055800
12/18/2018 12:00,158.57,158.93,158.5,158.6,46.60778,37.99214,1869500
12/18/2018 12:15,158.6,159.69,158.57,159.61,55.25315,91.98765,2892800
12/18/2018 12:30,159.61,159.87,159.49,159.55,54.68667,133.2684,2431500
12/18/2018 12:45,159.56,159.81,159.44,159.57,54.85287,146.0227,1730100
12/18/2018 13:00,159.58,159.95,159.47,159.79,56.73231,146.0885,1032800
12/18/2018 13:15,159.8,159.86,159.61,159.74,56.16019,116.3579,1129200
12/18/2018 13:30,159.74,159.81,159.37,159.46,52.9398,70.62303,1143200
12/18/2018 13:45,159.45,159.49,158.89,159.11,49.14602,6.187798,1064000
12/18/2018 14:00,159.11,159.37,158.64,158.85,46.48135,-29.8894,1053200
12/18/2018 14:15,158.86,159.53,158.83,159.25,50.89273,6.914695,1463200
12/18/2018 14:30,159.24,159.3,158.81,159.17,50.00493,-17.49245,1386900
12/18/2018 14:45,159.17,159.18,157.94,158.01,39.29981,-130.6934,3070000
12/18/2018 15:00,158.02,158.22,157.49,157.52,35.81224,-201.3363,1911900
12/18/2018 15:15,157.51,157.74,157.04,157.49,35.60392,-190.5817,3781800
12/18/2018 15:30,157.49,158.1,157.35,157.75,38.92014,-125.5533,2889100
12/18/2018 15:45,157.75,158.63,157.75,158.58,48.10744,-54.26999,2306400
12/18/2018 16:00,158.58,159.38,158.41,158.44,46.82798,-7.151949,5323200
12/19/2018 9:45,158.24,159.13,157.93,159.08,52.98399,-3.978458,3106200
12/19/2018 10:00,159.09,160.24,158.88,159.92,59.59586,104.8472,2143800
12/19/2018 10:15,159.93,160.19,159.77,160.05,60.52121,134.6528,1854300
12/19/2018 10:30,160.05,160.34,159.98,160.09,60.8185,135.2681,1243800
12/19/2018 10:45,160.08,160.42,159.89,159.94,59.02332,111.9469,1449900
12/19/2018 11:00,159.93,160.24,159.79,160.14,60.68948,92.13562,1359700
12/19/2018 11:15,160.14,160.18,159.39,159.44,52.62417,54.85983,1078600
12/19/2018 11:30,159.45,159.53,159.22,159.46,52.81714,30.94028,1486800
12/19/2018 11:45,159.46,159.51,159.27,159.38,51.90654,24.83709,905200
12/19/2018 12:00,159.38,160.09,159.31,160.05,58.37844,52.98238,1219300
12/19/2018 12:15,160.05,160.31,159.98,160.16,59.34573,80.45858,1355200
12/19/2018 12:30,160.16,160.35,160.05,160.15,59.21088,80.25129,727200
12/19/2018 12:45,160.14,160.24,159.99,160.13,58.92294,67.02616,586100
12/19/2018 13:00,160.13,160.17,159.6,159.62,51.97767,-0.7253268,1508000
12/19/2018 13:15,159.61,159.68,159.24,159.33,48.47863,-113.5622,1025300
12/19/2018 13:30,159.33,159.57,159,159.28,47.88011,-126.9334,1207400
12/19/2018 13:45,159.28,159.8,159.21,159.73,53.45001,-49.14444,1076100
12/19/2018 14:00,159.74,160.45,159.54,160.42,60.43248,80.09708,1335200
12/19/2018 14:15,160.34,160.72,156.66,157.18,34.36546,-255.8435,6305200
12/19/2018 14:30,157.18,158.74,156.85,158.6,45.46761,-202.4882,4757200
12/19/2018 14:45,158.59,159.3,156.65,156.69,36.51959,-193.9348,4217700
12/19/2018 15:00,156.68,157.38,155.12,155.69,32.87204,-215.2607,5148600
12/19/2018 15:15,155.69,155.7,153.34,155.57,32.45317,-197.7887,7833800
12/19/2018 15:30,155.57,155.61,154.01,154.42,28.68115,-156.4989,5478700
12/19/2018 15:45,154.42,155.15,153.91,154.44,28.8361,-131.8845,4699400
12/19/2018 16:00,154.44,155.47,154.41,154.78,31.55779,-96.55356,10824700
12/20/2018 9:45,154.18,155.3,153.85,154.56,30.73857,-89.75227,7439300
12/20/2018 10:00,154.56,155.26,153.79,155.13,35.41649,-72.44566,4326500
12/20/2018 10:15,155.14,155.87,154.74,155.34,37.1019,-45.4217,3874600
12/20/2018 10:30,155.34,155.39,154.37,154.65,33.96534,-56.93319,2501300
12/20/2018 10:45,154.66,155.31,154.24,155.16,38.12883,-47.4397,2466000
12/20/2018 11:00,155.16,155.16,154.12,154.49,35.00627,-58.52942,2577700
12/20/2018 11:15,154.49,154.53,153.57,153.73,31.82263,-101.418,2631600
12/20/2018 11:30,153.71,153.86,152.64,152.93,28.84851,-192.6176,6452600
12/20/2018 11:45,152.94,153.19,152.18,152.3,26.72992,-230.4809,4033000
12/20/2018 12:00,152.3,152.82,151.26,152.27,26.62963,-189.5663,5825600
12/20/2018 12:15,152.27,152.7,151.68,151.77,24.94944,-144.6796,3346300
12/20/2018 12:30,151.76,153.12,151.54,153.05,36.06989,-87.89278,3352400
12/20/2018 12:45,153.05,153.32,152.18,152.32,33.06117,-71.65306,3265700
12/20/2018 13:00,152.32,153.03,152.13,152.88,37.3766,-57.53095,1918200
12/20/2018 13:15,152.88,152.94,151.89,152.4,35.27723,-64.9406,1788400
12/20/2018 13:30,152.4,152.82,152.12,152.4,33.26506,-55.95315,1621700
12/20/2018 13:45,152.39,152.47,151.63,152.31,32.88632,-71.96278,2422500
12/20/2018 14:00,152.32,152.5,151.72,151.79,30.71057,-79.04786,1634200
12/20/2018 14:15,151.8,151.98,150.39,151.01,27.74536,-172.9997,4609200
12/20/2018 14:30,151.01,152.23,150.51,152.16,37.35,-108.0193,4047600
12/20/2018 14:45,152.16,153.28,151.92,153.09,43.85019,78.04646,3229500
12/20/2018 15:00,153.09,153.75,152.54,152.88,42.77109,130.6028,3707800
12/20/2018 15:15,152.88,153.37,152.01,153.26,45.38999,91.58591,3125200
12/20/2018 15:30,153.26,153.66,152.7,152.74,42.52233,101.5435,3229400
12/20/2018 15:45,152.77,153.45,152.34,152.41,40.76225,48.77245,3527700
12/20/2018 16:00,152.4,152.62,151.74,152.29,40.11201,-30.65578,7574100
12/21/2018 9:45,152.96,153.76,152.78,152.99,45.56652,106.8403,9522500
12/21/2018 10:00,152.99,153.11,152.2,152.59,43.14812,27.67278,4636600
12/21/2018 10:15,152.59,153.29,151.49,153.22,47.84328,29.21393,6875300
12/21/2018 10:30,153.22,154.09,152.88,153.36,48.85412,118.841,5811000
12/21/2018 10:45,153.36,153.47,152.48,152.56,43.64829,34.78225,3430100
12/21/2018 11:00,152.56,152.92,152.03,152.29,42.02081,-30.68145,6835800
12/21/2018 11:15,152.29,152.31,150.8,150.99,35.21302,-203.7122,5555800
12/21/2018 11:30,150.99,151.8,150.95,151.77,41.35249,-174.2851,2895400
12/21/2018 11:45,151.77,151.94,150.84,151.12,38.11128,-150.0453,2726200
12/21/2018 12:00,151.1,151.24,150.34,150.48,35.18692,-166.1326,2934300
12/21/2018 12:15,150.48,150.54,149.51,149.58,31.52373,-177.4716,5113100
12/21/2018 12:30,149.57,150.01,148.83,148.98,29.33137,-168.338,7271700
12/21/2018 12:45,148.98,149.93,148.24,149.72,35.30714,-134.9093,7599500
12/21/2018 13:00,149.72,150.35,149.04,149.37,33.8492,-99.67176,5436400
12/21/2018 13:15,149.37,149.82,149.04,149.51,35.00529,-90.43538,3543900
12/21/2018 13:30,149.51,150.19,149.2,149.63,36.03725,-67.6965,3919600
12/21/2018 13:45,149.63,150.33,149.5,150.26,41.30565,-41.66887,3232800
12/21/2018 14:00,150.26,150.27,149.13,149.43,36.98359,-57.70728,2809400
12/21/2018 14:15,149.43,149.66,148.8,148.95,34.72094,-83.2551,3288000
12/21/2018 14:30,148.95,149.82,148.87,149.2,36.88673,-68.26196,2445100
12/21/2018 14:45,149.2,149.41,148.54,148.67,34.28943,-104.7682,2913500
12/21/2018 15:00,148.68,149.49,148.61,149.05,37.67781,-85.31967,3919900
12/21/2018 15:15,149.05,149.21,148.3,148.35,34.18128,-145.9497,3232400
12/21/2018 15:30,148.35,148.5,147.39,147.4,30.09885,-246.3474,5478800
12/21/2018 15:45,147.4,147.85,146.78,147.49,30.94045,-215.0315,7710000
12/21/2018 16:00,147.49,147.98,146.72,147.57,31.72724,-152.1828,10790300
12/24/2018 9:45,146.11,147.2,145.47,145.52,24.13831,-195.7461,6750400
12/24/2018 10:00,145.5,145.5,144.21,144.97,22.57794,-194.3331,5083000
12/24/2018 10:15,144.97,145.75,144.25,145.69,29.04432,-136.861,4252600
12/24/2018 10:30,145.66,145.98,145.2,145.86,30.51986,-97.48573,2571500
12/24/2018 10:45,145.86,147.98,145.78,147.56,43.23293,-23.77752,4081800
12/24/2018 11:00,147.55,147.63,146.43,146.99,40.55361,-21.00538,2596800
12/24/2018 11:15,147,147.37,145.92,146.55,38.56664,-35.52111,2002400
12/24/2018 11:30,146.55,146.56,145.68,145.84,35.54056,-60.35187,2173100
12/24/2018 11:45,145.84,146.3,145.69,145.78,35.28859,-56.77035,2059000
12/24/2018 12:00,145.77,145.8,144.92,145.16,32.70795,-88.07916,2293600
12/24/2018 12:15,145.16,145.7,144.7,145.14,32.62505,-87.19946,3110300
12/24/2018 12:30,145.14,145.6,144.56,145,32.0135,-90.21387,3426900
12/24/2018 12:45,145.02,145.35,144.53,144.68,30.60149,-96.16239,3595300
12/24/2018 13:00,144.68,144.91,143.53,143.58,26.30631,-153.539,5597700
12/26/2018 9:45,145.08,146.95,145.08,146.13,45.42859,39.13056,8502200
12/26/2018 10:00,146.13,146.54,145.43,145.47,42.3645,11.06657,3676900
12/26/2018 10:15,145.47,145.95,144.6,144.7,39.05487,-60.52182,4313900
12/26/2018 10:30,144.7,145.49,144.35,145.01,41.05151,-63.6401,3711200
12/26/2018 10:45,145.01,145.34,144.5,144.62,39.30682,-66.99287,2301300
12/26/2018 11:00,144.62,145.2,144.09,144.24,37.62878,-93.46915,2843600
12/26/2018 11:15,144.28,145.25,144.13,145.11,43.56874,-48.79786,2228400
12/26/2018 11:30,145.08,146.08,145.02,145.97,48.76329,82.50682,2730900
12/26/2018 11:45,145.97,146.74,145.77,146.59,52.18076,166.7779,4070600
12/26/2018 12:00,146.59,147.36,146.3,147.33,55.95678,179.1817,2721000
12/26/2018 12:15,147.33,148.54,147.17,148.39,60.73917,199.1045,4002300
12/26/2018 12:30,148.38,148.41,147.68,147.87,57.44386,152.2385,2750300
12/26/2018 12:45,147.87,148.44,147.7,148.41,59.87822,131.6621,3227800
12/26/2018 13:00,148.41,149.16,148.39,148.94,62.16576,137.1821,2714200
12/26/2018 13:15,148.94,149.11,147.9,148.04,56.29598,91.68569,2464400
12/26/2018 13:30,148.05,148.56,147.78,148.34,57.72876,73.08585,2676100
12/26/2018 13:45,148.34,148.92,148.25,148.69,59.40103,79.80012,1471800
12/26/2018 14:00,148.7,149.58,148.7,149.54,63.20768,97.51164,3572600
12/26/2018 14:15,149.54,149.62,149,149.24,61.03265,90.23726,2374900
12/26/2018 14:30,149.24,149.47,148.58,148.86,58.2961,71.36916,3819500
12/26/2018 14:45,148.86,149.58,148.85,149.3,60.50432,90.38109,1703800
12/26/2018 15:00,149.3,149.71,149.02,149.66,62.26485,102.3868,2580800
12/26/2018 15:15,149.64,149.95,149.34,149.93,63.57617,120.147,2589000
12/26/2018 15:30,149.93,150.32,149.58,150.25,65.12319,140.602,3044700
12/26/2018 15:45,150.25,151.41,150.17,151.41,70.08347,200.5507,4652700
12/26/2018 16:00,151.41,152.48,151,152.47,73.75648,226.8676,12309800
12/27/2018 9:45,150.58,151.3,149.88,150.41,58.67869,82.49756,6013200
12/27/2018 10:00,150.42,150.61,149.33,149.95,55.92916,28.84093,3345700
12/27/2018 10:15,149.95,150.51,149.19,149.49,53.24254,0.9642853,2843200
12/27/2018 10:30,149.49,149.75,148.5,148.66,48.69701,-80.41663,2728700
12/27/2018 10:45,148.66,149.59,148.35,149.53,53.20656,-68.37218,3388000
12/27/2018 11:00,149.52,149.8,148.87,148.99,50.25388,-61.09691,3580900
12/27/2018 11:15,148.97,149.27,148.56,149.1,50.85222,-82.07909,2694700
12/27/2018 11:30,149.1,149.97,149.06,149.84,54.79155,-22.30467,1629000
12/27/2018 11:45,149.85,150.22,149.05,149.11,50.49203,-42.1737,3030600
12/27/2018 12:00,149.1,149.59,148.97,149.44,52.31374,-54.36485,2108900
12/27/2018 12:15,149.44,149.49,148.75,148.8,48.58027,-78.53574,1923000
12/27/2018 12:30,148.8,149.27,148.19,148.44,46.56707,-102.7091,1893700
12/27/2018 12:45,148.45,148.88,148.26,148.46,46.69925,-106.2674,2010200
12/27/2018 13:00,148.44,149.05,148.28,148.92,49.7759,-82.93767,1515500
12/27/2018 13:15,148.91,149.13,148.6,148.93,49.84364,-54.05934,2030100
12/27/2018 13:30,148.93,148.95,148.42,148.45,46.59324,-99.66875,1502700
12/27/2018 13:45,148.45,148.71,148.31,148.38,46.12093,-120.179,1749600
12/27/2018 14:00,148.37,148.4,147.29,147.64,41.34859,-202.2546,3209200
12/27/2018 14:15,147.63,147.88,147.21,147.43,40.08107,-189.0307,3073200
12/27/2018 14:30,147.43,147.92,147.08,147.89,44.12174,-139.1058,2215400
12/27/2018 14:45,147.89,148.91,147.51,148.84,51.40934,-27.21899,2526500
12/27/2018 15:00,148.84,149.43,148.36,149.41,55.18592,72.92818,2156200
12/27/2018 15:15,149.41,150.05,148.74,150.04,58.98058,149.251,3125700
12/27/2018 15:30,150.06,151.48,149.79,151.33,65.43478,252.5748,3581200
12/27/2018 15:45,151.35,153.05,150.78,152.83,71.12422,253.7519,5748600
12/27/2018 16:00,152.84,153.17,151.67,153.15,72.17637,189.3039,8787400
12/28/2018 9:45,154,154.22,152.68,153.86,74.40485,169.1071,6121900
12/28/2018 10:00,153.86,154.28,153.15,153.83,74.13467,132.7961,4839900
12/28/2018 10:15,153.82,153.95,152.87,153.05,67.29266,95.32198,3114700
12/28/2018 10:30,153.05,153.36,152.13,152.28,61.28003,62.99361,3056400
12/28/2018 10:45,152.28,152.59,151.72,152.1,59.93199,42.46608,2307400
12/28/2018 11:00,152.1,153.23,152.1,152.46,61.74462,49.56692,2451300
12/28/2018 11:15,152.46,152.96,152.12,152.79,63.37996,43.80823,2172800
12/28/2018 11:30,152.79,153.27,152.53,153.09,64.85106,52.56342,1740300
12/28/2018 11:45,153.08,153.75,152.84,153.37,66.21519,69.62564,1715400
12/28/2018 12:00,153.38,153.65,153.1,153.5,66.85835,76.01286,1130300
12/28/2018 12:15,153.51,154,153.44,153.61,67.42343,95.04403,2459400
12/28/2018 12:30,153.62,153.81,153.16,153.57,66.9763,67.25719,3657100
12/28/2018 12:45,153.58,154.04,153.49,153.8,68.27913,91.99194,1006900
12/28/2018 13:00,153.81,153.98,153.28,153.4,63.581,53.30477,1171900
12/28/2018 13:15,153.4,153.82,153.25,153.7,65.49841,58.78279,1864400
12/28/2018 13:30,153.72,153.86,152.96,153.16,59.43296,24.86938,1458900
12/28/2018 13:45,153.15,153.23,152.7,153.01,57.8308,-26.13672,1443000
12/28/2018 14:00,153.03,153.82,153.03,153.59,62.08648,45.45734,1753900
12/28/2018 14:15,153.6,154.54,153.6,154.47,67.45334,168.068,3182000
12/28/2018 14:30,154.46,154.76,154.19,154.33,65.85618,188.5931,1607900
12/28/2018 14:45,154.32,155.13,154.27,155.03,69.71715,203.4355,1885500
12/28/2018 15:00,155.03,155.59,154.79,155.44,71.73336,196.6945,2898400
12/28/2018 15:15,155.45,155.57,153.98,154.71,63.61256,100.5144,4425300
12/28/2018 15:30,154.71,154.73,153.05,153.41,52.26513,-25.34309,4010600
12/28/2018 15:45,153.41,153.49,152.49,152.5,46.06992,-119.4408,3722500
12/28/2018 16:00,152.51,153.3,152.48,153.05,49.93274,-96.69519,7289100
12/31/2018 9:45,154.4,154.98,154.21,154.66,59.15535,71.46127,3577500
12/31/2018 10:00,154.65,154.77,153.84,154.23,56.17884,32.8886,1720200
12/31/2018 10:15,154.24,154.58,153.75,153.75,52.97458,5.077395,1740800
12/31/2018 10:30,153.75,154.07,153.57,153.92,53.97581,-17.60107,1324900
12/31/2018 10:45,153.93,153.97,153.27,153.54,51.3442,-54.8668,1676500
12/31/2018 11:00,153.54,153.79,153.05,153.26,49.4318,-79.51714,1830400
12/31/2018 11:15,153.27,153.56,152.99,153.23,49.22027,-78.32948,3350800
12/31/2018 11:30,153.23,153.43,152.83,153.38,50.36408,-72.70782,2377400
12/31/2018 11:45,153.38,153.38,152.71,153.14,48.48245,-77.87485,1473900
12/31/2018 12:00,153.14,153.8,153.1,153.74,53.19075,-14.19411,2381700
12/31/2018 12:15,153.75,153.87,153.43,153.73,53.10356,17.59857,1967900
12/31/2018 12:30,153.75,153.99,153.57,153.87,54.23357,38.52821,1373400
12/31/2018 12:45,153.86,154.31,153.76,154.26,57.31891,76.50955,2378000
12/31/2018 13:00,154.26,154.27,153.88,154.12,55.86303,62.53148,1002100
12/31/2018 13:15,154.13,154.35,154,154.28,57.20101,97.9451,1102500
12/31/2018 13:30,154.29,154.6,154.29,154.6,59.82418,145.627,759300
12/31/2018 13:45,154.6,154.64,153.98,154.02,53.432,85.41277,1147400
12/31/2018 14:00,154.02,154.09,153.7,153.76,50.81095,18.31747,700500
12/31/2018 14:15,153.76,153.92,153.43,153.72,50.40141,-12.79441,958600
12/31/2018 14:30,153.71,153.96,153.18,153.25,45.73594,-57.96892,1719400
12/31/2018 14:45,153.25,153.62,153.06,153.58,49.28559,-70.83272,1114500
12/31/2018 15:00,153.57,154.05,153.47,153.61,49.6083,-22.5932,1228700
12/31/2018 15:15,153.6,154,153.38,153.51,48.50034,-55.37519,1259400
12/31/2018 15:30,153.5,153.84,153.33,153.56,49.11232,-69.66545,1417000
12/31/2018 15:45,153.57,153.94,153.55,153.78,51.82482,-26.18412,2310200
12/31/2018 16:00,153.79,154.26,153.01,154.26,57.18689,-4.662385,6004600
1/2/2019 9:45,151,151.96,150.88,151.82,35.53488,-360.5887,6026700
1/2/2019 10:00,151.82,152.43,151.82,152.26,39.95008,-179.8083,2645800
1/2/2019 10:15,152.24,153.22,151.76,153.09,47.28484,-88.93802,2703900
1/2/2019 10:30,153.1,153.59,152.81,152.98,46.47465,-25.60776,2821100
1/2/2019 10:45,152.98,153.64,152.64,153.59,51.44328,2.731847,1854700
1/2/2019 11:00,153.58,154.02,153.35,153.77,52.83467,60.54121,2235800
1/2/2019 11:15,153.77,154.43,153.57,154.4,57.43201,108.3857,2533600
1/2/2019 11:30,154.4,154.8,154.1,154.24,55.94075,120.7993,2714700
1/2/2019 11:45,154.26,154.5,153.86,154.39,57.06631,91.58672,1691800
1/2/2019 12:00,154.39,154.47,153.65,153.7,50.65544,54.68565,1614300
1/2/2019 12:15,153.7,154.01,153.57,153.97,52.88589,42.52618,1574500
1/2/2019 12:30,153.96,154.05,153.69,153.97,55.07288,44.52122,1060500
1/2/2019 12:45,153.97,154.79,153.97,154.65,60.09659,92.47814,1788000
1/2/2019 13:00,154.66,155.02,154.51,154.89,61.72345,110.6574,1248000
1/2/2019 13:15,154.88,155.43,154.88,155.23,63.96477,145.6208,1484300
1/2/2019 13:30,155.24,155.51,155.09,155.34,64.68527,144.138,1151000
1/2/2019 13:45,155.34,155.7,155.24,155.37,64.89143,137.3405,1247600
1/2/2019 14:00,155.38,155.75,155.37,155.71,67.22678,131.3682,1189500
1/2/2019 14:15,155.71,155.73,154.77,154.94,57.8431,65.87548,1311600
1/2/2019 14:30,154.93,155.47,154.86,155.25,60.24874,60.93974,823000
1/2/2019 14:45,155.26,155.66,154.94,155.12,58.73502,58.2317,1124100
1/2/2019 15:00,155.12,155.48,154.85,154.86,55.71995,31.66277,954800
1/2/2019 15:15,154.86,155.1,154.2,154.62,53.01451,-27.42021,2525900
1/2/2019 15:30,154.62,154.7,154.13,154.33,49.86411,-71.35431,1725400
1/2/2019 15:45,154.32,154.32,153.86,154,46.47923,-126.098,2547600
1/2/2019 16:00,154,155.05,154,154.88,55.21062,-52.69442,3497600
1/3/2019 9:45,152.63,153.26,152.16,152.58,37.83657,-272.4709,6629600
1/3/2019 10:00,152.61,152.61,151.65,152.01,34.90498,-223.8126,3370000
1/3/2019 10:15,152.01,152.01,150.79,150.83,29.7638,-199.3747,4297100
1/3/2019 10:30,150.83,151.47,150.4,151.32,34.10429,-152.2709,3796400
1/3/2019 10:45,151.31,151.32,150,150.15,29.42789,-136.85,3431900
1/3/2019 11:00,150.15,151.04,150.11,151,36.26534,-103.8605,2431200
1/3/2019 11:15,151.02,151.71,150.9,151.47,39.74181,-67.09909,3105300
1/3/2019 11:30,151.49,152,151.32,151.36,39.20285,-51.46409,2360400
1/3/2019 11:45,151.37,152.75,151.12,152.46,46.95065,-21.72085,3156100
1/3/2019 12:00,152.46,152.66,151.85,152.03,44.56005,-10.35975,1984000
1/3/2019 12:15,152.04,152.28,151.5,151.9,43.83338,-18.50096,1892700
1/3/2019 12:30,151.91,152.08,151.31,151.5,41.58628,-27.46627,1223600
1/3/2019 12:45,151.5,151.89,151.17,151.42,41.13211,-29.02582,1133800
1/3/2019 13:00,151.42,152.03,151.42,151.86,44.70874,26.33719,1173100
1/3/2019 13:15,151.86,151.86,151.09,151.38,41.73014,-9.815935,1257400
1/3/2019 13:30,151.38,151.38,150.55,150.98,39.37581,-77.49117,2317900
1/3/2019 13:45,150.98,151.38,150.55,151.22,41.50811,-59.75871,1482200
1/3/2019 14:00,151.23,151.25,150.24,150.41,36.80335,-113.9723,2112300
1/3/2019 14:15,150.39,150.88,150.24,150.59,38.47226,-126.4261,1615700
1/3/2019 14:30,150.59,151.3,150.47,151.22,44.04244,-66.84344,2031400
1/3/2019 14:45,151.25,151.51,150.63,150.64,40.41491,-67.38587,1929900
1/3/2019 15:00,150.64,150.71,150.05,150.22,37.97571,-126.9636,2848300
1/3/2019 15:15,150.23,150.38,149.74,149.75,35.40084,-151.3831,2794500
1/3/2019 15:30,149.76,150.37,149.74,150.13,39.00198,-123.4835,2241600
1/3/2019 15:45,150.13,150.76,149.93,150.05,38.51519,-85.47401,3791100
1/3/2019 16:00,150.05,150.32,149.49,149.7,36.37609,-119.873,6032500
1/4/2019 9:45,152.29,153.01,151.74,152.88,58.77734,200.8834,6426200
1/4/2019 10:00,152.88,153.41,152.69,153.33,60.87655,221.3185,2767300
1/4/2019 10:15,153.47,153.59,153.09,153.1,59.21674,177.4383,2044300
1/4/2019 10:30,153.1,154.75,152.67,154.75,66.31284,163.8677,4641000
1/4/2019 10:45,154.74,154.99,154.4,154.48,64.34,144.2923,3840800
1/4/2019 11:00,154.49,155.21,154.47,155.2,67.14685,125.6824,1939500
1/4/2019 11:15,155.19,155.74,154.99,155.48,68.19527,117.8417,2517500
1/4/2019 11:30,155.48,155.64,155.1,155.39,67.4502,99.96925,2512500
1/4/2019 11:45,155.37,155.56,155.08,155.4,67.49268,86.26014,2528400
1/4/2019 12:00,155.4,155.91,155.4,155.62,68.46811,86.83631,2008700
1/4/2019 12:15,155.61,155.87,155.35,155.79,69.23627,78.46746,1470200
1/4/2019 12:30,155.79,156.24,155.74,156.02,70.29087,84.44382,2189800
1/4/2019 12:45,156,156.32,155.89,156.25,71.34853,86.40572,1622700
1/4/2019 13:00,156.25,156.49,156.13,156.28,71.4911,96.23545,1436600
1/4/2019 13:15,156.29,156.8,156.29,156.69,73.43652,112.4914,1980500
1/4/2019 13:30,156.7,156.76,156.52,156.72,73.57859,115.1998,1590200
1/4/2019 13:45,156.72,157,156.3,156.31,68.20928,95.44328,3195800
1/4/2019 14:00,156.32,156.65,156.19,156.44,68.9822,72.06784,2406700
1/4/2019 14:15,156.44,156.49,156.05,156.39,68.29443,49.47612,2064900
1/4/2019 14:30,156.38,156.77,156.24,156.67,70.09259,76.58456,1223800
1/4/2019 14:45,156.67,156.81,156.54,156.61,69.18711,83.1961,753300
1/4/2019 15:00,156.62,156.63,155.87,155.89,59.28875,-16.68043,3158300
1/4/2019 15:15,155.89,156.35,155.83,156.25,62.20065,-31.51073,1996400
1/4/2019 15:30,156.25,156.46,155.7,155.81,56.84862,-84.54878,2326100
1/4/2019 15:45,155.81,156.16,155.7,156.11,59.41291,-100.1974,2227300
1/4/2019 16:00,156.11,156.43,156.06,156.39,61.70051,-15.21265,6344400
1/7/2019 9:45,156.57,156.91,156.16,156.74,64.40154,75.14637,5555400
1/7/2019 10:00,156.74,157.04,156.11,156.64,63.03367,63.65657,2602700
1/7/2019 10:15,156.64,156.98,156.26,156.37,59.3674,46.98299,1953500
1/7/2019 10:30,156.37,156.96,156.2,156.85,63.43875,89.05191,3639700
1/7/2019 10:45,156.84,157.53,156.84,157.25,66.45506,202.8853,2301000
1/7/2019 11:00,157.25,157.59,157.14,157.44,67.81345,189.8565,3248000
1/7/2019 11:15,157.44,157.62,157.29,157.42,67.50351,162.6006,1698000
1/7/2019 11:30,157.43,157.57,157.1,157.21,64.18713,108.1511,1483200
1/7/2019 11:45,157.22,157.95,157.13,157.92,69.62141,129.455,2291800
1/7/2019 12:00,157.92,158.49,157.9,158.45,72.92426,161.3911,2297300
1/7/2019 12:15,158.45,158.53,158.09,158.24,69.69122,133.283,1184500
1/7/2019 12:30,158.23,158.58,158.15,158.48,71.25945,127.241,865000
1/7/2019 12:45,158.48,158.64,158.32,158.51,71.45825,119.4825,644900
1/7/2019 13:00,158.52,158.69,158.36,158.57,71.87734,105.0172,731200
1/7/2019 13:15,158.57,158.86,158.56,158.7,72.80867,103.5294,1093900
1/7/2019 13:30,158.73,158.78,158.47,158.62,71.24489,81.76821,1255000
1/7/2019 13:45,158.61,158.74,158.46,158.68,71.73518,73.11486,810200
1/7/2019 14:00,158.68,158.68,158.08,158.2,62.54685,30.89614,1517600
1/7/2019 14:15,158.2,158.42,157.93,158.13,61.31358,0.1176858,840300
1/7/2019 14:30,158.13,158.29,157.92,157.94,57.9719,-30.18122,943600
1/7/2019 14:45,157.94,158.11,157.76,157.92,57.61586,-68.96111,879300
1/7/2019 15:00,157.92,157.99,157.55,157.64,52.73396,-139.2992,1573500
1/7/2019 15:15,157.64,158.26,157.62,158.22,60.24786,-76.26289,1068100
1/7/2019 15:30,158.22,158.48,158.21,158.36,61.82537,13.33607,1180100
1/7/2019 15:45,158.36,158.41,157.97,158.2,58.94627,-28.58974,2070900
1/7/2019 16:00,158.2,158.41,157.92,158.02,55.79837,-43.19542,4712900
1/8/2019 9:45,159.58,160.11,159.48,159.91,72.44095,276.1451,6454100
1/8/2019 10:00,159.9,159.94,158.87,159.01,60.71725,134.6969,2774900
1/8/2019 10:15,159.01,159.4,158.6,158.69,57.17436,69.86951,2433700
1/8/2019 10:30,158.69,158.74,158.21,158.47,54.80653,7.230137,2306600
1/8/2019 10:45,158.47,158.63,157.81,157.84,48.59951,-47.30484,2568100
1/8/2019 11:00,157.84,157.87,157.2,157.6,46.44179,-115.1682,2595700
1/8/2019 11:15,157.61,158.42,157.54,158.13,51.55696,-43.09925,2535000
1/8/2019 11:30,158.12,158.48,158.05,158.1,51.25855,-18.84588,1270300
1/8/2019 11:45,158.11,158.21,157.73,158.06,50.83595,-51.18633,1462300
1/8/2019 12:00,158.05,158.54,158.04,158.49,55.11884,-4.818428,1210700
1/8/2019 12:15,158.49,158.68,158.39,158.65,56.63258,23.60908,1289800
1/8/2019 12:30,158.65,159.11,158.57,158.94,59.31152,60.88492,1160000
1/8/2019 12:45,158.94,159.06,158.65,158.88,58.50631,50.64705,1182000
1/8/2019 13:00,158.89,158.98,158.25,158.54,54.02971,6.863609,1245700
1/8/2019 13:15,158.54,159.02,158.32,158.93,57.9994,52.71059,1064800
1/8/2019 13:30,158.93,159.08,158.79,158.95,58.19879,95.83425,862500
1/8/2019 13:45,158.96,159.13,158.85,158.87,57.03267,96.12115,729600
1/8/2019 14:00,158.87,159.51,158.66,159.36,62.0485,115.5916,2186200
1/8/2019 14:15,159.35,159.54,159.24,159.54,63.7237,138.9239,891500
1/8/2019 14:30,159.53,159.62,159.14,159.28,59.6293,113.3817,1100600
1/8/2019 14:45,159.28,159.54,159.2,159.51,61.95789,113.9771,727900
1/8/2019 15:00,159.51,159.68,159.32,159.4,60.17029,109.857,1009600
1/8/2019 15:15,159.39,159.49,159.06,159.47,60.94263,72.4678,1007600
1/8/2019 15:30,159.46,159.63,159.37,159.61,62.50832,99.65476,916200
1/8/2019 15:45,159.61,159.74,159.39,159.5,60.4576,90.04475,1736500
1/8/2019 16:00,159.5,159.62,159.35,159.56,61.20519,72.6461,4462600
1/9/2019 9:45,160.18,160.62,159.69,160.31,69.07587,201.7597,5131800
1/9/2019 10:00,160.31,160.76,159.82,160.6,71.48493,215.5622,2961900
1/9/2019 10:15,160.6,160.78,160.07,160.16,63.41333,160.484,2077200
1/9/2019 10:30,160.16,160.74,160.08,160.59,67.29925,136.4104,1714200
1/9/2019 10:45,160.58,160.59,159.63,159.68,54.18323,41.03233,1959700
1/9/2019 11:00,159.68,160.16,159.47,160.02,57.51491,19.32907,1679100
1/9/2019 11:15,160.02,160.64,159.9,160.42,61.09874,82.99323,1418200
1/9/2019 11:30,160.43,160.77,160.24,160.64,62.94995,105.2885,1376600
1/9/2019 11:45,160.65,160.68,160.34,160.44,60.14778,82.21415,1269300
1/9/2019 12:00,160.45,161.1,160.38,160.84,63.6344,113.8535,2478200
1/9/2019 12:15,160.84,160.99,160.69,160.88,63.97391,118.2109,693800
1/9/2019 12:30,160.87,161.06,160.83,160.96,64.68392,125.4993,687300
1/9/2019 12:45,160.96,161.22,160.9,160.97,64.77732,128.8356,1102900
1/9/2019 13:00,160.97,161.25,160.93,161.2,66.94374,131.5769,1240600
1/9/2019 13:15,161.2,161.25,160.93,161.1,65.06993,102.5996,866700
1/9/2019 13:30,161.1,161.28,161.04,161.16,65.6905,97.05225,1027800
1/9/2019 13:45,161.16,161.22,161.06,161.17,65.7995,82.85735,490100
1/9/2019 14:00,161.17,161.18,160.78,160.98,61.78106,45.6489,1001000
1/9/2019 14:15,160.98,161.52,160.96,161.21,64.59956,88.37773,1958300
1/9/2019 14:30,161.2,161.23,160.24,160.53,52.31602,-61.29344,2193400
1/9/2019 14:45,160.53,160.9,160.28,160.88,56.86269,-72.20476,964300
1/9/2019 15:00,160.88,161.21,160.86,161,58.32965,29.74788,1219600
1/9/2019 15:15,161,161.29,160.93,161.14,60.03719,59.84923,806100
1/9/2019 15:30,161.14,161.32,161.05,161.11,59.4748,70.8633,1158400
1/9/2019 15:45,161.11,161.16,160.66,160.83,54.3567,-68.14005,1464400
1/9/2019 16:00,160.83,160.86,160.35,160.78,53.47174,-140.6791,3638400
1/10/2019 9:45,159.6,159.72,159.05,159.18,34.25426,-335.3545,3222500
1/10/2019 10:00,159.17,159.29,158.7,159,32.82505,-245.1113,1970300
1/10/2019 10:15,158.99,159.47,158.92,159.28,37.21371,-150.6557,1378900
1/10/2019 10:30,159.28,160.13,159,160.08,47.72263,-74.9518,2139200
1/10/2019 10:45,160.08,160.18,159.89,160.01,46.98156,-37.54994,1610200
1/10/2019 11:00,159.99,160.5,159.86,160.39,51.39377,-10.78273,1066200
1/10/2019 11:15,160.39,160.59,160.23,160.46,52.18326,14.094,805600
1/10/2019 11:30,160.46,160.57,160.06,160.15,48.43174,-1.089947,1012200
1/10/2019 11:45,160.15,160.69,160.15,160.44,51.91437,20.73014,1037200
1/10/2019 12:00,160.44,160.63,160.24,160.59,53.65758,33.98494,763600
1/10/2019 12:15,160.58,160.8,160.28,160.4,51.12902,42.91597,964700
1/10/2019 12:30,160.4,160.66,160.34,160.59,53.48938,57.32824,621300
1/10/2019 12:45,160.59,160.68,160.42,160.54,52.76709,65.4343,617000
1/10/2019 13:00,160.54,161.14,160.52,160.89,57.13078,105.6017,1596500
1/10/2019 13:15,160.89,160.93,160.08,160.12,46.87143,31.83113,1618000
1/10/2019 13:30,160.12,160.3,159.89,160.28,48.92396,-27.00225,1266200
1/10/2019 13:45,160.27,160.34,159.61,159.76,43.09668,-122.6708,1235100
1/10/2019 14:00,159.77,160.25,159.76,160.2,48.66808,-91.56275,1288200
1/10/2019 14:15,160.18,160.86,160.18,160.72,54.35593,74.11163,1316900
1/10/2019 14:30,160.72,161.12,160.69,160.76,54.77102,147.0363,1274700
1/10/2019 14:45,160.77,160.93,160.58,160.87,55.9574,104.4412,893600
1/10/2019 15:00,160.87,160.91,160.47,160.77,54.55651,72.34854,1538800
1/10/2019 15:15,160.77,160.99,160.67,160.96,56.77115,102.8499,856100
1/10/2019 15:30,160.96,161.12,160.84,161.06,57.93302,117.065,659700
1/10/2019 15:45,161.06,161.36,160.88,161.3,60.66578,131.0614,1409200
1/10/2019 16:00,161.3,161.37,161.12,161.23,59.45256,119.7033,3802900
1/11/2019 9:45,160.34,160.47,159.9,159.97,42.84507,-93.95656,3060400
1/11/2019 10:00,159.98,160.26,159.79,160.19,45.69738,-84.09541,1692500
1/11/2019 10:15,160.19,160.62,160.18,160.45,48.94035,-26.81029,1297400
1/11/2019 10:30,160.44,160.53,159.86,159.86,42.70738,-82.53169,966700
1/11/2019 10:45,159.88,160.46,159.8,160.37,48.7799,-69.01443,1279800
1/11/2019 11:00,160.37,160.58,160.07,160.51,50.33607,-43.56297,839000
1/11/2019 11:15,160.51,160.6,159.99,160.09,45.83685,-64.8528,936100
1/11/2019 11:30,160.08,160.3,160.02,160.12,46.2067,-69.29704,669600
1/11/2019 11:45,160.12,160.39,160.06,160.37,49.31298,-41.14175,691800
1/11/2019 12:00,160.37,160.55,160.34,160.46,50.42302,-5.393802,880400
1/11/2019 12:15,160.46,160.66,160.37,160.49,50.80966,12.11543,724800
1/11/2019 12:30,160.49,160.65,160.43,160.6,52.2793,35.64546,947600
1/11/2019 12:45,160.6,160.84,160.57,160.75,54.28495,98.87353,691500
1/11/2019 13:00,160.75,160.76,160.6,160.69,53.31961,121.2347,474100
1/11/2019 13:15,160.69,160.72,160.19,160.24,46.62292,6.793312,1173700
1/11/2019 13:30,160.24,160.32,160.04,160.23,46.48307,-74.7431,699900
1/11/2019 13:45,160.23,160.37,160.13,160.34,48.31777,-34.79992,398300
1/11/2019 14:00,160.34,160.34,160.15,160.22,46.44715,-61.21859,663600
1/11/2019 14:15,160.22,160.56,160.09,160.48,50.88412,-5.206942,620000
1/11/2019 14:30,160.48,160.55,160.38,160.52,51.54935,39.99499,702200
1/11/2019 14:45,160.52,160.61,160.46,160.6,52.92244,62.58423,515700
1/11/2019 15:00,160.59,160.62,160.36,160.42,49.52171,13.34567,675900
1/11/2019 15:15,160.42,160.72,160.4,160.61,52.95786,62.4372,717200
1/11/2019 15:30,160.62,160.63,160.43,160.45,49.87866,20.04886,864800
1/11/2019 15:45,160.46,160.82,160.44,160.75,55.14489,96.44595,995100
1/11/2019 16:00,160.76,160.86,160.67,160.76,55.31334,123.2551,2421200
