Timestamp,Open,High,Low,Close,Rsi,Cci,Volume
12/4/2018 11:45,170.88,170.9,170.59,170.69,,,1129900
12/4/2018 12:00,170.69,170.82,170.48,170.5,,,929100
12/4/2018 12:15,170.49,170.49,169.05,169.06,,,3136300
12/4/2018 12:30,169.06,169.23,168.13,168.13,,,3604600
12/4/2018 12:45,168.14,168.46,167.3,168.28,,,3980500
12/4/2018 13:00,168.27,168.54,167.88,167.9,,,2246500
12/4/2018 13:15,167.88,168.2,167.62,167.62,,,1853300
12/4/2018 13:30,167.63,168.04,166.69,167.13,,,1977500
12/4/2018 13:45,167.13,167.4,166.02,166.71,,,2572000
12/4/2018 14:00,166.71,167.46,166.52,167.26,,,2728800
12/4/2018 14:15,167.25,167.93,166.91,167.86,,,3131500
12/4/2018 14:30,167.84,167.91,167.14,167.19,,,1852000
12/4/2018 14:45,167.19,167.83,167.19,167.6,,,1526000
12/4/2018 15:00,167.6,168.14,167.3,167.34,,-40.98026,1566400
12/4/2018 15:15,167.34,167.34,166.5,166.79,,-91.3402,1689200
12/4/2018 15:30,166.78,167.17,166.14,166.25,21.75566,-130.187,1994400
12/4/2018 15:45,166.24,166.51,165.63,165.88,20.70598,-171.801,4201900
12/4/2018 16:00,165.88,166.11,165.52,165.72,20.25095,-160.6599,8661100
12/6/2018 9:45,162.42,163.99,162.03,163.84,15.84486,-283.4076,7244700
12/6/2018 10:00,163.84,164.16,162.25,162.67,13.8284,-206.8833,4169000
12/6/2018 10:15,162.69,163.52,162.45,163.19,18.77598,-151.4085,3003000
12/6/2018 10:30,163.2,163.97,163,163.74,23.76188,-101.0117,3014500
12/6/2018 10:45,163.76,163.91,163.2,163.75,23.85335,-80.95335,2476900
12/6/2018 11:00,163.75,163.82,162.66,162.78,21.19535,-84.78149,2694300
12/6/2018 11:15,162.77,163.07,162.46,162.51,20.51024,-85.36401,2250100
12/6/2018 11:30,162.51,162.72,161.77,162.01,19.26818,-91.61307,2906400
12/6/2018 11:45,162.01,163.06,161.92,162.94,28.00183,-67.20203,2131200
12/6/2018 12:00,162.94,164.09,162.84,164.06,36.86045,-17.01884,2379000
12/6/2018 12:15,164.06,164.07,163.56,163.92,36.25988,4.488923,1814700
12/6/2018 12:30,163.94,165.2,163.92,165.12,44.59301,88.21159,2786100
12/6/2018 12:45,165.14,165.53,164.78,165.18,44.98032,139.2644,2891900
12/6/2018 13:00,165.15,165.81,165.07,165.41,46.52361,171.7959,2210600
12/6/2018 13:15,165.41,165.41,164.72,164.82,43.17798,105.4698,2366900
12/6/2018 13:30,164.84,164.97,164.3,164.35,40.66896,58.40856,1944900
12/6/2018 13:45,164.34,164.84,163.96,164.65,42.94775,45.72324,1580600
12/6/2018 14:00,164.67,165.69,164.67,165.63,49.73919,93.73719,1785500
12/6/2018 14:15,165.63,165.93,164.72,165.07,46.3443,75.59036,2147700
12/6/2018 14:30,165.07,165.23,164.47,165.22,47.38027,50.79612,1622900
12/6/2018 14:45,165.23,165.26,164.59,164.74,44.4243,37.01448,1333400
12/6/2018 15:00,164.75,165.44,164.08,165.31,48.53075,36.45068,2231800
12/6/2018 15:15,165.31,165.8,164.85,165.07,46.95751,70.20898,2079400
12/6/2018 15:30,165.08,165.65,165.01,165.55,50.41945,96.62646,1782700
12/6/2018 15:45,165.55,166.31,165.46,166.23,54.90932,197.5017,3170200
12/6/2018 16:00,166.24,166.91,166.16,166.89,58.80836,248.129,4600000
12/7/2018 9:45,166.16,167.12,165.89,166.72,57.43084,170.7665,5361200
12/7/2018 10:00,166.74,166.88,166.11,166.44,55.13985,122.3907,2521800
12/7/2018 10:15,166.45,166.81,165.31,165.44,47.80518,42.50641,2320400
12/7/2018 10:30,165.43,165.44,164.56,165.07,45.39893,-55.57571,3457200
12/7/2018 10:45,165.08,165.21,164.12,164.61,42.53251,-101.9196,2360600
12/7/2018 11:00,164.61,164.92,164.33,164.74,43.61601,-89.05633,1811900
12/7/2018 11:15,164.73,164.89,163.47,163.53,36.68348,-140.3633,2828200
12/7/2018 11:30,163.51,163.82,163.1,163.49,36.47711,-157.1421,2126300
12/7/2018 11:45,163.49,163.95,163.2,163.9,40.19169,-118.7123,2312600
12/7/2018 12:00,163.91,164.11,162.83,162.85,34.60986,-124.6847,2742900
12/7/2018 12:15,162.84,163.63,162.78,163.37,39.11922,-103.2882,1834300
12/7/2018 12:30,163.36,163.46,162.83,163.26,38.51415,-92.40144,1832300
12/7/2018 12:45,163.24,163.24,162.27,162.54,34.72781,-105.0986,3289400
12/7/2018 13:00,162.54,163.56,162.4,163.36,41.75132,-71.86294,2976100
12/7/2018 13:15,163.35,163.8,162.79,162.83,38.84214,-63.73757,1948400
12/7/2018 13:30,162.85,163.38,162.71,163.27,42.42865,-60.12688,1658900
12/7/2018 13:45,163.27,163.33,162.67,163,40.8457,-67.56106,987900
12/7/2018 14:00,163,163.21,162.24,162.29,36.94259,-115.2233,1687600
12/7/2018 14:15,162.3,162.44,161.84,161.93,35.11058,-183.899,2314500
12/7/2018 14:30,161.91,162.81,161.9,162.53,40.41429,-117.8598,2423600
12/7/2018 14:45,162.54,162.68,161.79,161.83,36.65061,-137.8667,2507100
12/7/2018 15:00,161.83,162.36,161.18,161.33,34.20059,-164.6004,3403000
12/7/2018 15:15,161.32,161.76,160.86,161.31,34.10237,-166.8948,5304100
12/7/2018 15:30,161.32,161.86,161.1,161.71,37.94048,-111.568,3020100
12/7/2018 15:45,161.71,162.6,161.51,161.73,38.13439,-56.28745,3966700
12/7/2018 16:00,161.75,161.94,161.29,161.34,35.78501,-91.37905,9275900
12/10/2018 9:45,161.08,162.76,161.03,162.64,47.41464,-14.2589,5618100
12/10/2018 10:00,162.64,162.69,160.56,160.96,37.86977,-96.02921,4699500
12/10/2018 10:15,160.96,162.2,160.77,162.15,46.14043,-48.27876,4201600
12/10/2018 10:30,162.16,162.36,161.33,161.51,42.83762,-35.12463,2931200
12/10/2018 10:45,161.52,161.82,160.5,160.66,38.85915,-149.6029,3129800
12/10/2018 11:00,160.65,161.44,160.35,160.61,38.63185,-164.832,3304600
12/10/2018 11:15,160.61,160.67,159.5,160.14,36.47232,-219.7934,4154700
12/10/2018 11:30,160.14,160.19,159.41,160.19,36.8766,-183.6329,3626500
12/10/2018 11:45,160.17,161.02,160.09,160.87,42.25814,-73.03348,3521500
12/10/2018 12:00,160.88,161.34,160.45,160.6,40.77185,-47.41472,2683500
12/10/2018 12:15,160.59,160.93,160.11,160.75,41.9925,-61.80361,1373300
12/10/2018 12:30,160.77,160.98,160.01,160.18,38.72619,-74.51722,1855700
12/10/2018 12:45,160.17,162.01,160.14,161.72,50.0342,35.27711,2122400
12/10/2018 13:00,161.72,162.39,161.55,161.99,51.71664,108.7933,2375500
12/10/2018 13:15,162,162.37,161.59,162.07,52.2299,115.9486,2178500
12/10/2018 13:30,162.07,162.27,161.41,161.46,48.03685,74.9526,1467800
12/10/2018 13:45,161.46,162.55,161.38,161.99,51.66747,98.54456,1636000
12/10/2018 14:00,161.98,162.74,161.95,162.34,53.95533,124.0203,1631400
12/10/2018 14:15,162.34,162.84,162.23,162.29,53.56521,110.0788,1728800
12/10/2018 14:30,162.29,162.7,161.93,162.54,55.30521,89.14265,2405100
12/10/2018 14:45,162.55,163.25,162.55,163.18,59.49015,122.2836,2052000
12/10/2018 15:00,163.18,163.36,162.44,162.54,54.04086,97.09583,1468300
12/10/2018 15:15,162.54,162.89,162.37,162.58,54.32254,74.18009,927200
12/10/2018 15:30,162.6,162.82,162.18,162.81,55.99234,67.40743,1201900
12/10/2018 15:45,162.81,163.78,162.81,163.4,60.02898,135.6621,2431000
12/10/2018 16:00,163.4,163.46,163.04,163.07,56.88609,117.0226,4324100
12/11/2018 9:45,165.72,165.77,164.99,165.55,69.71803,302.037,4636900
12/11/2018 10:00,165.55,165.61,165,165.15,66.29089,195.6539,2536100
12/11/2018 10:15,165.16,165.52,164.47,164.71,62.64321,128.1585,2331600
12/11/2018 10:30,164.71,165.68,164.54,165.54,66.39922,119.3945,2828100
12/11/2018 10:45,165.54,165.7,164.9,165.24,63.8985,96.57134,1639100
12/11/2018 11:00,165.23,165.35,164.27,164.57,58.59102,53.8828,1950700
12/11/2018 11:15,164.57,164.77,164.18,164.3,56.55243,28.90184,1733200
12/11/2018 11:30,164.3,164.72,164.09,164.51,57.78271,23.48079,1741000
12/11/2018 11:45,164.51,164.57,163.91,164.21,55.37055,4.001052,1405900
12/11/2018 12:00,164.21,164.72,164.05,164.59,57.77508,13.41459,1948900
12/11/2018 12:15,164.59,164.59,163.41,163.6,50.18835,-51.38926,2126900
12/11/2018 12:30,163.6,163.91,163.23,163.67,50.68144,-96.63205,1294300
12/11/2018 12:45,163.68,164.1,163.45,164.01,53.10967,-76.71241,1611500
12/11/2018 13:00,164.01,164.05,163.67,163.76,51.11673,-91.79451,1396300
12/11/2018 13:15,163.76,163.95,163.37,163.42,48.45377,-110.8822,749000
12/11/2018 13:30,163.42,163.97,163.31,163.64,50.25948,-88.39329,949300
12/11/2018 13:45,163.63,163.7,162.78,162.8,43.93151,-135.8762,1569500
12/11/2018 14:00,162.81,162.97,162.37,162.51,41.96692,-170.7446,2048500
12/11/2018 14:15,162.51,162.81,162.29,162.55,42.34994,-159.7883,1186700
12/11/2018 14:30,162.55,163.6,162.23,163.52,50.8242,-74.08763,2089900
12/11/2018 14:45,163.52,164.15,163.52,163.95,54.04878,36.43116,2340000
12/11/2018 15:00,163.95,164.37,163.8,163.97,54.19925,69.44579,1782500
12/11/2018 15:15,163.97,164.93,163.52,164.72,59.5475,118.2317,2630300
12/11/2018 15:30,164.73,164.78,164.39,164.4,56.51509,136.3076,1099900
12/11/2018 15:45,164.4,164.95,164.06,164.15,54.19325,102.6203,1992800
12/11/2018 16:00,164.14,164.23,163.54,163.61,49.466,17.89058,4733500
12/12/2018 9:45,166.06,166.08,165.52,165.89,63.8174,222.7293,5193700
12/12/2018 10:00,165.89,166.14,165.34,166.11,64.85458,167.2313,2277500
12/12/2018 10:15,166.11,166.69,165.89,166.64,67.28737,162.1839,2545900
12/12/2018 10:30,166.65,166.75,166.3,166.32,64.38937,132.9423,2473200
12/12/2018 10:45,166.32,166.69,166.08,166.42,64.89811,105.3403,1877900
12/12/2018 11:00,166.42,166.97,166.27,166.88,67.21839,101.7485,1579600
12/12/2018 11:15,166.88,167.03,166.68,166.97,67.66867,96.70491,1275000
12/12/2018 11:30,166.97,167.43,166.97,167.11,68.39591,100.0929,1541800
12/12/2018 11:45,167.11,167.21,166.85,167.19,68.82742,86.43243,1166300
12/12/2018 12:00,167.18,167.47,167.04,167.32,69.55487,90.84259,1280400
12/12/2018 12:15,167.33,167.5,166.96,167.05,66.10455,76.28811,1753000
12/12/2018 12:30,167.05,167.22,166.86,167.22,67.20752,66.80775,945900
12/12/2018 12:45,167.23,167.31,166.97,167.14,66.11714,66.06427,1066900
12/12/2018 13:00,167.14,167.51,167,167.43,68.13525,85.02953,759500
12/12/2018 13:15,167.43,167.59,167.25,167.52,68.75727,101.1345,806000
12/12/2018 13:30,167.53,167.6,167.27,167.45,67.65115,95.74004,1369600
12/12/2018 13:45,167.44,167.48,167.16,167.19,63.56153,55.58254,695700
12/12/2018 14:00,167.19,167.3,166.9,167.04,61.26049,-9.160676,1326400
12/12/2018 14:15,167.04,167.09,166.14,166.32,51.60425,-212.711,1948600
12/12/2018 14:30,166.32,166.54,165.69,165.84,46.35784,-275.5512,2117300
12/12/2018 14:45,165.84,166.05,165.42,165.63,44.23891,-221.1161,2164900
12/12/2018 15:00,165.63,166.08,165.34,165.95,48.12967,-145.6488,2096000
12/12/2018 15:15,165.94,166.4,165.74,166.16,50.56745,-84.55379,1613100
12/12/2018 15:30,166.17,166.17,165.47,165.52,43.81004,-105.0701,1725900
12/12/2018 15:45,165.52,166.26,165.52,166.07,49.99444,-68.88752,1754400
12/12/2018 16:00,166.06,166.06,164.96,165.05,40.98521,-110.415,4152000
12/13/2018 9:45,166.05,166.69,165.61,166.05,50.4186,-30.60089,2750100
12/13/2018 10:00,166.05,166.27,165.38,165.58,46.64468,-61.75107,2092400
12/13/2018 10:15,165.57,166.82,165.55,166.63,54.78689,14.38357,2109100
12/13/2018 10:30,166.64,166.7,165.8,165.95,49.51672,3.011085,1606900
12/13/2018 10:45,165.95,166,165.23,165.4,45.68855,-96.18531,1745900
12/13/2018 11:00,165.4,165.59,164.55,165.26,44.74038,-163.5222,2790200
12/13/2018 11:15,165.26,165.44,164.8,164.98,42.82612,-154.3182,1402400
12/13/2018 11:30,164.98,165.32,164.61,165.18,44.64787,-131.6653,1770300
12/13/2018 11:45,165.18,165.79,164.96,165.71,49.26182,-36.92158,1615800
12/13/2018 12:00,165.7,165.73,164.75,164.76,42.43404,-95.04311,1983400
12/13/2018 12:15,164.76,164.87,164.32,164.64,41.64882,-147.5576,2471400
12/13/2018 12:30,164.64,164.76,164.14,164.31,39.48488,-144.4949,1232800
12/13/2018 12:45,164.31,164.96,164.27,164.7,43.23832,-95.83393,1319000
12/13/2018 13:00,164.7,164.92,164.51,164.64,42.79853,-76.76115,1313200
12/13/2018 13:15,164.64,164.75,164.23,164.62,42.64279,-88.74334,1234500
12/13/2018 13:30,164.6,164.79,164.19,164.48,41.50449,-86.93707,1340800
12/13/2018 13:45,164.48,165.44,164.46,165.24,49.40089,9.454635,1918200
12/13/2018 14:00,165.25,165.29,164.55,164.69,44.69839,-12.77999,1068300
12/13/2018 14:15,164.7,164.79,164.16,164.37,42.18242,-91.55047,1484900
12/13/2018 14:30,164.37,164.46,164.03,164.46,43.15171,-105.0547,1546300
12/13/2018 14:45,164.46,164.58,164.06,164.26,41.48733,-97.63573,1074200
12/13/2018 15:00,164.26,164.9,164.2,164.75,46.89171,-16.39605,1156400
12/13/2018 15:15,164.75,164.82,164.34,164.64,45.86752,-5.690739,1001800
12/13/2018 15:30,164.64,165.03,164.64,164.79,47.54979,94.96481,1241100
12/13/2018 15:45,164.79,165.41,164.57,165.33,53.1899,162.2424,1839300
12/13/2018 16:00,165.34,165.49,164.98,165.1,50.68976,149.617,3530100
12/14/2018 9:45,163.23,163.26,162.37,162.82,33.75256,-331.4366,3366100
12/14/2018 10:00,162.81,163.42,162.68,163.24,37.87083,-191.9398,2469500
12/14/2018 10:15,163.22,163.58,163.01,163.26,38.06815,-126.7498,1523300
12/14/2018 10:30,163.26,163.75,162.92,163.06,36.80848,-103.5903,1627400
12/14/2018 10:45,163.03,163.31,162.75,163.14,37.69659,-96.8091,1356300
12/14/2018 11:00,163.14,163.81,163.06,163.37,40.29453,-54.70299,1699300
12/14/2018 11:15,163.37,163.78,163.13,163.28,39.59872,-48.53473,1354200
12/14/2018 11:30,163.28,163.49,162.81,163.01,37.50618,-64.85228,1664000
12/14/2018 11:45,163.02,163.41,162.95,162.96,37.11514,-57.40478,1293800
12/14/2018 12:00,162.96,162.98,162.06,162.2,31.7031,-107.4784,2610300
12/14/2018 12:15,162.2,162.63,162.09,162.13,31.25115,-114.9473,2619100
12/14/2018 12:30,162.13,162.66,162.08,162.59,37.55191,-98.89586,1484700
12/14/2018 12:45,162.59,162.9,162.39,162.48,36.68603,-79.63926,1311300
12/14/2018 13:00,162.48,162.64,162.32,162.39,35.95555,-87.17358,481900
12/14/2018 13:15,162.39,162.77,162.13,162.61,39.1455,-67.83997,1310400
12/14/2018 13:30,162.59,162.62,162.19,162.21,35.66708,-82.01245,656000
12/14/2018 13:45,162.21,162.23,161.66,162.04,34.27306,-122.369,2124400
12/14/2018 14:00,162.04,162.2,161.82,161.88,32.96727,-111.2138,1144300
12/14/2018 14:15,161.88,162.12,161.69,161.87,32.88285,-111.7591,1066900
12/14/2018 14:30,161.87,162.18,161.84,162.03,35.71633,-87.36861,1081800
12/14/2018 14:45,162.04,162.1,161.11,161.21,28.96709,-169.6785,3001600
12/14/2018 15:00,161.22,161.59,160.94,161.49,33.58241,-158.4688,2485300
12/14/2018 15:15,161.5,161.86,161.18,161.62,35.67209,-104.0483,2103700
12/14/2018 15:30,161.62,161.76,161.35,161.37,33.48974,-100.0333,1540800
12/14/2018 15:45,161.37,161.58,160.78,160.79,29.04949,-147.1485,1995500
12/14/2018 16:00,160.79,161.43,160.7,160.92,31.2498,-124.0287,6094700
12/17/2018 9:45,160.41,160.55,158.92,159.13,21.40633,-252.7313,6397400
12/17/2018 10:00,159.13,159.47,158.64,159.42,25.50059,-214.838,3672500
12/17/2018 10:15,159.41,160.31,159.23,160.24,35.70077,-112.2426,2140200
12/17/2018 10:30,160.26,160.68,159.96,160.4,37.4988,-62.5968,2260900
12/17/2018 10:45,160.38,160.66,159.63,160.52,38.87949,-57.15954,1929100
12/17/2018 11:00,160.51,160.88,160.12,160.59,39.71591,-26.94068,1836500
12/17/2018 11:15,160.6,161.41,160.53,161.27,47.26638,28.78853,2919500
12/17/2018 11:30,161.28,161.4,160.96,161.02,45.03325,43.82211,1388200
12/17/2018 11:45,161.02,161.06,160.51,160.64,41.80045,9.190615,1505500
12/17/2018 12:00,160.64,161.36,160.54,161.35,49.14605,51.63664,886900
12/17/2018 12:15,161.35,161.67,161.13,161.16,47.42117,82.98194,1154400
12/17/2018 12:30,161.14,161.24,160.73,160.83,44.49988,44.60469,946700
12/17/2018 12:45,160.83,160.85,159.86,160.06,38.53481,-34.28172,2109000
12/17/2018 13:00,160.06,160.22,159.55,159.56,35.23219,-81.75124,2141900
12/17/2018 13:15,159.56,159.86,159.29,159.55,35.16731,-108.6165,1541500
12/17/2018 13:30,159.55,159.55,158.94,159.13,32.46194,-154.4223,1861800
12/17/2018 13:45,159.13,159.4,158.28,158.62,29.49474,-172.3325,3132800
12/17/2018 14:00,158.62,158.8,158.29,158.38,28.18902,-152.3071,2381900
12/17/2018 14:15,158.38,158.56,157.89,158.2,27.2158,-134.828,2200900
12/17/2018 14:30,158.2,158.5,157.73,157.78,25.04328,-121.8701,4724900
12/17/2018 14:45,157.79,158.44,157.75,158.2,30.97692,-97.81491,1758200
12/17/2018 15:00,158.2,158.46,157.61,157.87,29.03225,-92.95078,1896400
12/17/2018 15:15,157.85,157.96,157.41,157.61,27.56406,-98.65701,2195400
12/17/2018 15:30,157.61,157.82,156.54,156.78,23.48154,-121.3008,3083400
12/17/2018 15:45,156.78,156.83,156.39,156.54,22.44627,-138.9947,4214900
12/17/2018 16:00,156.53,157.58,156.17,157.52,35.04037,-97.0528,10319800
12/18/2018 9:45,158.69,159.08,158.25,159,48.6122,48.84635,4776200
12/18/2018 10:00,159.01,159.27,158.84,159.11,49.45742,86.34222,2750300
12/18/2018 10:15,159.12,159.21,158.32,158.75,46.74747,67.08556,3019500
12/18/2018 10:30,158.76,159.1,158.5,158.99,48.76312,83.44096,1944900
12/18/2018 10:45,159,159.29,158.46,158.49,44.94629,70.93491,2213400
12/18/2018 11:00,158.49,159.14,158.37,158.9,48.50554,72.41249,2262500
12/18/2018 11:15,158.9,159.17,158.64,158.96,49.02504,73.95619,1050100
12/18/2018 11:30,158.95,158.95,158.04,158.29,43.72173,21.86941,1920300
12/18/2018 11:45,158.31,158.95,158.29,158.57,46.33452,35.24597,2055800
12/18/2018 12:00,158.57,158.93,158.5,158.6,46.62045,37.99214,1869500
12/18/2018 12:15,158.6,159.69,158.57,159.61,55.26263,91.98765,2892800
12/18/2018 12:30,159.61,159.87,159.49,159.55,54.69612,133.2684,2431500
12/18/2018 12:45,159.56,159.81,159.44,159.57,54.86227,146.0227,1730100
12/18/2018 13:00,159.58,159.95,159.47,159.79,56.74108,146.0885,1032800
12/18/2018 13:15,159.8,159.86,159.61,159.74,56.16895,116.3579,1129200
12/18/2018 13:30,159.74,159.81,159.37,159.46,52.94843,70.62303,1143200
12/18/2018 13:45,159.45,159.49,158.89,159.11,49.15443,6.187798,1064000
12/18/2018 14:00,159.11,159.37,158.64,158.85,46.48959,-29.8894,1053200
12/18/2018 14:15,158.86,159.53,158.83,159.25,50.89987,6.914695,1463200
12/18/2018 14:30,159.24,159.3,158.81,159.17,50.01203,-17.49245,1386900
12/18/2018 14:45,159.17,159.18,157.94,158.01,39.30616,-130.6934,3070000
12/18/2018 15:00,158.02,158.22,157.49,157.52,35.81826,-201.3363,1911900
12/18/2018 15:15,157.51,157.74,157.04,157.49,35.60992,-190.5817,3781800
12/18/2018 15:30,157.49,158.1,157.35,157.75,38.92562,-125.5533,2889100
12/18/2018 15:45,157.75,158.63,157.75,158.58,48.11162,-54.26999,2306400
12/18/2018 16:00,158.58,159.38,158.41,158.44,46.83211,-7.151949,5323200
12/19/2018 9:45,158.24,159.13,157.93,159.08,52.98736,-3.978458,3106200
12/19/2018 10:00,159.09,160.24,158.88,159.92,59.5985,104.8472,2143800
12/19/2018 10:15,159.93,160.19,159.77,160.05,60.52376,134.6528,1854300
12/19/2018 10:30,160.05,160.34,159.98,160.09,60.82101,135.2681,1243800
12/19/2018 10:45,160.08,160.42,159.89,159.94,59.02583,111.9469,1449900
12/19/2018 11:00,159.93,160.24,159.79,160.14,60.69182,92.13562,1359700
12/19/2018 11:15,160.14,160.18,159.39,159.44,52.62645,54.85983,1078600
12/19/2018 11:30,159.45,159.53,159.22,159.46,52.8194,30.94028,1486800
12/19/2018 11:45,159.46,159.51,159.27,159.38,51.90879,24.83709,905200
12/19/2018 12:00,159.38,160.09,159.31,160.05,58.38022,52.98238,1219300
12/19/2018 12:15,160.05,160.31,159.98,160.16,59.34745,80.45858,1355200
12/19/2018 12:30,160.16,160.35,160.05,160.15,59.2126,80.25129,727200
12/19/2018 12:45,160.14,160.24,159.99,160.13,58.92466,67.02616,586100
12/19/2018 13:00,160.13,160.17,159.6,159.62,51.97934,-0.7253268,1508000
12/19/2018 13:15,159.61,159.68,159.24,159.33,48.48026,-113.5622,1025300
12/19/2018 13:30,159.33,159.57,159,159.28,47.88173,-126.9334,1207400
12/19/2018 13:45,159.28,159.8,159.21,159.73,53.45135,-49.14444,1076100
12/19/2018 14:00,159.74,160.45,159.54,160.42,60.43351,80.09708,1335200
12/19/2018 14:15,160.34,160.72,156.66,157.18,34.36628,-255.8435,6305200
12/19/2018 14:30,157.18,158.74,156.85,158.6,45.4682,-202.4882,4757200
12/19/2018 14:45,158.59,159.3,156.65,156.69,36.52013,-193.9348,4217700
12/19/2018 15:00,156.68,157.38,155.12,155.69,32.87254,-215.2607,5148600
12/19/2018 15:15,155.69,155.7,153.34,155.57,32.45366,-197.7887,7833800
12/19/2018 15:30,155.57,155.61,154.01,154.42,28.6816,-156.4989,5478700
12/19/2018 15:45,154.42,155.15,153.91,154.44,28.83655,-131.8845,4699400
12/19/2018 16:00,154.44,155.47,154.41,154.78,31.55821,-96.55356,10824700
12/20/2018 9:45,154.18,155.3,153.85,154.56,30.73899,-89.75227,7439300
12/20/2018 10:00,154.56,155.26,153.79,155.13,35.41686,-72.44566,4326500
12/20/2018 10:15,155.14,155.87,154.74,155.34,37.10225,-45.4217,3874600
12/20/2018 10:30,155.34,155.39,154.37,154.65,33.96568,-56.93319,2501300
12/20/2018 10:45,154.66,155.31,154.24,155.16,38.12913,-47.4397,2466000
12/20/2018 11:00,155.16,155.16,154.12,154.49,35.00655,-58.52942,2577700
12/20/2018 11:15,154.49,154.53,153.57,153.73,31.8229,-101.418,2631600
12/20/2018 11:30,153.71,153.86,152.64,152.93,28.84876,-192.6176,6452600
12/20/2018 11:45,152.94,153.19,152.18,152.3,26.73015,-230.4809,4033000
12/20/2018 12:00,152.3,152.82,151.26,152.27,26.62987,-189.5663,5825600
12/20/2018 12:15,152.27,152.7,151.68,151.77,24.94967,-144.6796,3346300
12/20/2018 12:30,151.76,153.12,151.54,153.05,36.07006,-87.89278,3352400
12/20/2018 12:45,153.05,153.32,152.18,152.32,33.06133,-71.65306,3265700
12/20/2018 13:00,152.32,153.03,152.13,152.88,37.37675,-57.53095,1918200
12/20/2018 13:15,152.88,152.94,151.89,152.4,35.27737,-64.9406,1788400
12/20/2018 13:30,152.4,152.82,152.12,152.4,33.26519,-55.95315,1621700
12/20/2018 13:45,152.39,152.47,151.63,152.31,32.88645,-71.96278,2422500
12/20/2018 14:00,152.32,152.5,151.72,151.79,30.7107,-79.04786,1634200
12/20/2018 14:15,151.8,151.98,150.39,151.01,27.74548,-172.9997,4609200
12/20/2018 14:30,151.01,152.23,150.51,152.16,37.35009,-108.0193,4047600
12/20/2018 14:45,152.16,153.28,151.92,153.09,43.85027,78.04646,3229500
12/20/2018 15:00,153.09,153.75,152.54,152.88,42.77117,130.6028,3707800
12/20/2018 15:15,152.88,153.37,152.01,153.26,45.39006,91.58591,3125200
12/20/2018 15:30,153.26,153.66,152.7,152.74,42.5224,101.5435,3229400
12/20/2018 15:45,152.77,153.45,152.34,152.41,40.76232,48.77245,3527700
12/20/2018 16:00,152.4,152.62,151.74,152.29,40.11208,-30.65578,7574100
12/21/2018 9:45,152.96,153.76,152.78,152.99,45.56658,106.8403,9522500
12/21/2018 10:00,152.99,153.11,152.2,152.59,43.14818,27.67278,4636600
12/21/2018 10:15,152.59,153.29,151.49,153.22,47.84333,29.21393,6875300
12/21/2018 10:30,153.22,154.09,152.88,153.36,48.85417,118.841,5811000
12/21/2018 10:45,153.36,153.47,152.48,152.56,43.64834,34.78225,3430100
12/21/2018 11:00,152.56,152.92,152.03,152.29,42.02085,-30.68145,6835800
12/21/2018 11:15,152.29,152.31,150.8,150.99,35.21306,-203.7122,5555800
12/21/2018 11:30,150.99,151.8,150.95,151.77,41.35252,-174.2851,2895400
12/21/2018 11:45,151.77,151.94,150.84,151.12,38.11131,-150.0453,2726200
12/21/2018 12:00,151.1,151.24,150.34,150.48,35.18695,-166.1326,2934300
12/21/2018 12:15,150.48,150.54,149.51,149.58,31.52375,-177.4716,5113100
12/21/2018 12:30,149.57,150.01,148.83,148.98,29.33139,-168.338,7271700
12/21/2018 12:45,148.98,149.93,148.24,149.72,35.30717,-134.9093,7599500
12/21/2018 13:00,149.72,150.35,149.04,149.37,33.84922,-99.67176,5436400
12/21/2018 13:15,149.37,149.82,149.04,149.51,35.00531,-90.43538,3543900
12/21/2018 13:30,149.51,150.19,149.2,149.63,36.03727,-67.6965,3919600
12/21/2018 13:45,149.63,150.33,149.5,150.26,41.30567,-41.66887,3232800
12/21/2018 14:00,150.26,150.27,149.13,149.43,36.9836,-57.70728,2809400
12/21/2018 14:15,149.43,149.66,148.8,148.95,34.72096,-83.2551,3288000
12/21/2018 14:30,148.95,149.82,148.87,149.2,36.88674,-68.26196,2445100
12/21/2018 14:45,149.2,149.41,148.54,148.67,34.28944,-104.7682,2913500
12/21/2018 15:00,148.68,149.49,148.61,149.05,37.67783,-85.31967,3919900
12/21/2018 15:15,149.05,149.21,148.3,148.35,34.1813,-145.9497,3232400
12/21/2018 15:30,148.35,148.5,147.39,147.4,30.09886,-246.3474,5478800
12/21/2018 15:45,147.4,147.85,146.78,147.49,30.94046,-215.0315,7710000
12/21/2018 16:00,147.49,147.98,146.72,147.57,31.72725,-152.1828,10790300
12/24/2018 9:45,146.11,147.2,145.47,145.52,24.13832,-195.7461,6750400
12/24/2018 10:00,145.5,145.5,144.21,144.97,22.57795,-194.3331,5083000
12/24/2018 10:15,144.97,145.75,144.25,145.69,29.04432,-136.861,4252600
12/24/2018 10:30,145.66,145.98,145.2,145.86,30.51987,-97.48573,2571500
12/24/2018 10:45,145.86,147.98,145.78,147.56,43.23294,-23.77752,4081800
12/24/2018 11:00,147.55,147.63,146.43,146.99,40.55362,-21.00538,2596800
12/24/2018 11:15,147,147.37,145.92,146.55,38.56664,-35.52111,2002400
12/24/2018 11:30,146.55,146.56,145.68,145.84,35.54057,-60.35187,2173100
12/24/2018 11:45,145.84,146.3,145.69,145.78,35.28859,-56.77035,2059000
12/24/2018 12:00,145.77,145.8,144.92,145.16,32.70796,-88.07916,2293600
12/24/2018 12:15,145.16,145.7,144.7,145.14,32.62506,-87.19946,3110300
12/24/2018 12:30,145.14,145.6,144.56,145,32.01351,-90.21387,3426900
12/24/2018 12:45,145.02,145.35,144.53,144.68,30.60149,-96.16239,3595300
12/24/2018 13:00,144.68,144.91,143.53,143.58,26.30632,-153.539,5597700
12/26/2018 9:45,145.08,146.95,145.08,146.13,45.42859,39.13056,8502200
12/26/2018 10:00,146.13,146.54,145.43,145.47,42.3645,11.06657,3676900
12/26/2018 10:15,145.47,145.95,144.6,144.7,39.05487,-60.52182,4313900
12/26/2018 10:30,144.7,145.49,144.35,145.01,41.05151,-63.6401,3711200
12/26/2018 10:45,145.01,145.34,144.5,144.62,39.30682,-66.99287,2301300
12/26/2018 11:00,144.62,145.2,144.09,144.24,37.62878,-93.46915,2843600
12/26/2018 11:15,144.28,145.25,144.13,145.11,43.56874,-48.79786,2228400
12/26/2018 11:30,145.08,146.08,145.02,145.97,48.76329,82.50682,2730900
12/26/2018 11:45,145.97,146.74,145.77,146.59,52.18076,166.7779,4070600
12/26/2018 12:00,146.59,147.36,146.3,147.33,55.95678,179.1817,2721000
12/26/2018 12:15,147.33,148.54,147.17,148.39,60.73917,199.1045,4002300
12/26/2018 12:30,148.38,148.41,147.68,147.87,57.44386,152.2385,2750300
12/26/2018 12:45,147.87,148.44,147.7,148.41,59.87822,131.6621,3227800
12/26/2018 13:00,148.41,149.16,148.39,148.94,62.16576,137.1821,2714200
12/26/2018 13:15,148.94,149.11,147.9,148.04,56.29598,91.68569,2464400
12/26/2018 13:30,148.05,148.56,147.78,148.34,57.72876,73.08585,2676100
12/26/2018 13:45,148.34,148.92,148.25,148.69,59.40103,79.80012,1471800
12/26/2018 14:00,148.7,149.58,148.7,149.54,63.20768,97.51164,3572600
12/26/2018 14:15,149.54,149.62,149,149.24,61.03266,90.23726,2374900
12/26/2018 14:30,149.24,149.47,148.58,148.86,58.2961,71.36916,3819500
12/26/2018 14:45,148.86,149.58,148.85,149.3,60.50432,90.38109,1703800
12/26/2018 15:00,149.3,149.71,149.02,149.66,62.26485,102.3868,2580800
12/26/2018 15:15,149.64,149.95,149.34,149.93,63.57617,120.147,2589000
12/26/2018 15:30,149.93,150.32,149.58,150.25,65.12319,140.602,3044700
12/26/2018 15:45,150.25,151.41,150.17,151.41,70.08348,200.5507,4652700
12/26/2018 16:00,151.41,152.48,151,152.47,73.75648,226.8676,12309800
12/27/2018 9:45,150.58,151.3,149.88,150.41,58.67869,82.49756,6013200
12/27/2018 10:00,150.42,150.61,149.33,149.95,55.92916,28.84093,3345700
12/27/2018 10:15,149.95,150.51,149.19,149.49,53.24254,0.9642853,2843200
12/27/2018 10:30,149.49,149.75,148.5,148.66,48.69701,-80.41663,2728700
12/27/2018 10:45,148.66,149.59,148.35,149.53,53.20656,-68.37218,3388000
12/27/2018 11:00,149.52,149.8,148.87,148.99,50.25388,-61.09691,3580900
12/27/2018 11:15,148.97,149.27,148.56,149.1,50.85222,-82.07909,2694700
12/27/2018 11:30,149.1,149.97,149.06,149.84,54.79155,-22.30467,1629000
12/27/2018 11:45,149.85,150.22,149.05,149.11,50.49203,-42.1737,3030600
12/27/2018 12:00,149.1,149.59,148.97,149.44,52.31374,-54.36485,2108900
12/27/2018 12:15,149.44,149.49,148.75,148.8,48.58027,-78.53574,1923000
12/27/2018 12:30,148.8,149.27,148.19,148.44,46.56707,-102.7091,1893700
12/27/2018 12:45,148.45,148.88,148.26,148.46,46.69925,-106.2674,2010200
12/27/2018 13:00,148.44,149.05,148.28,148.92,49.7759,-82.93767,1515500
12/27/2018 13:15,148.91,149.13,148.6,148.93,49.84364,-54.05934,2030100
12/27/2018 13:30,148.93,148.95,148.42,148.45,46.59324,-99.66875,1502700
12/27/2018 13:45,148.45,148.71,148.31,148.38,46.12093,-120.179,1749600
12/27/2018 14:00,148.37,148.4,147.29,147.64,41.34859,-202.2546,3209200
12/27/2018 14:15,147.63,147.88,147.21,147.43,40.08107,-189.0307,3073200
12/27/2018 14:30,147.43,147.92,147.08,147.89,44.12174,-139.1058,2215400
12/27/2018 14:45,147.89,148.91,147.51,148.84,51.40934,-27.21899,2526500
12/27/2018 15:00,148.84,149.43,148.36,149.41,55.18592,72.92818,2156200
12/27/2018 15:15,149.41,150.05,148.74,150.04,58.98059,149.251,3125700
12/27/2018 15:30,150.06,151.48,149.79,151.33,65.43478,252.5748,3581200
12/27/2018 15:45,151.35,153.05,150.78,152.83,71.12422,253.7519,5748600
12/27/2018 16:00,152.84,153.17,151.67,153.15,72.17637,189.3039,8787400
12/28/2018 9:45,154,154.22,152.68,153.86,74.40485,169.1071,6121900
12/28/2018 10:00,153.86,154.28,153.15,153.83,74.13467,132.7961,4839900
12/28/2018 10:15,153.82,153.95,152.87,153.05,67.29266,95.32198,3114700
12/28/2018 10:30,153.05,153.36,152.13,152.28,61.28003,62.99361,3056400
12/28/2018 10:45,152.28,152.59,151.72,152.1,59.93199,42.46608,2307400
12/28/2018 11:00,152.1,153.23,152.1,152.46,61.74462,49.56692,2451300
12/28/2018 11:15,152.46,152.96,152.12,152.79,63.37996,43.80823,2172800
12/28/2018 11:30,152.79,153.27,152.53,153.09,64.85106,52.56342,1740300
12/28/2018 11:45,153.08,153.75,152.84,153.37,66.21519,69.62564,1715400
12/28/2018 12:00,153.38,153.65,153.1,153.5,66.85835,76.01286,1130300
12/28/2018 12:15,153.51,154,153.44,153.61,67.42343,95.04403,2459400
12/28/2018 12:30,153.62,153.81,153.16,153.57,66.9763,67.25719,3657100
12/28/2018 12:45,153.58,154.04,153.49,153.8,68.27913,91.99194,1006900
12/28/2018 13:00,153.81,153.98,153.28,153.4,63.581,53.30477,1171900
12/28/2018 13:15,153.4,153.82,153.25,153.7,65.49841,58.78279,1864400
12/28/2018 13:30,153.72,153.86,152.96,153.16,59.43296,24.86938,1458900
12/28/2018 13:45,153.15,153.23,152.7,153.01,57.8308,-26.13672,1443000
12/28/2018 14:00,153.03,153.82,153.03,153.59,62.08648,45.45734,1753900
12/28/2018 14:15,153.6,154.54,153.6,154.47,67.45334,168.068,3182000
12/28/2018 14:30,154.46,154.76,154.19,154.33,65.85618,188.5931,1607900
12/28/2018 14:45,154.32,155.13,154.27,155.03,69.71715,203.4355,1885500
12/28/2018 15:00,155.03,155.59,154.79,155.44,71.73336,196.6945,2898400
12/28/2018 15:15,155.45,155.57,153.98,154.71,63.61256,100.5144,4425300
12/28/2018 15:30,154.71,154.73,153.05,153.41,52.26513,-25.34309,4010600
12/28/2018 15:45,153.41,153.49,152.49,152.5,46.06992,-119.4408,3722500
12/28/2018 16:00,152.51,153.3,152.48,153.05,49.93274,-96.69519,7289100
12/31/2018 9:45,154.4,154.98,154.21,154.66,59.15535,71.46127,3577500
12/31/2018 10:00,154.65,154.77,153.84,154.23,56.17884,32.8886,1720200
12/31/2018 10:15,154.24,154.58,153.75,153.75,52.97458,5.077395,1740800
12/31/2018 10:30,153.75,154.07,153.57,153.92,53.97581,-17.60107,1324900
12/31/2018 10:45,153.93,153.97,153.27,153.54,51.3442,-54.8668,1676500
12/31/2018 11:00,153.54,153.79,153.05,153.26,49.4318,-79.51714,1830400
12/31/2018 11:15,153.27,153.56,152.99,153.23,49.22027,-78.32948,3350800
12/31/2018 11:30,153.23,153.43,152.83,153.38,50.36408,-72.70782,2377400
12/31/2018 11:45,153.38,153.38,152.71,153.14,48.48245,-77.87485,1473900
12/31/2018 12:00,153.14,153.8,153.1,153.74,53.19075,-14.19411,2381700
12/31/2018 12:15,153.75,153.87,153.43,153.73,53.10356,17.59857,1967900
12/31/2018 12:30,153.75,153.99,153.57,153.87,54.23357,38.52821,1373400
12/31/2018 12:45,153.86,154.31,153.76,154.26,57.31891,76.50955,2378000
12/31/2018 13:00,154.26,154.27,153.88,154.12,55.86303,62.53148,1002100
12/31/2018 13:15,154.13,154.35,154,154.28,57.20101,97.9451,1102500
12/31/2018 13:30,154.29,154.6,154.29,154.6,59.82418,145.627,759300
12/31/2018 13:45,154.6,154.64,153.98,154.02,53.432,85.41277,1147400
12/31/2018 14:00,154.02,154.09,153.7,153.76,50.81095,18.31747,700500
12/31/2018 14:15,153.76,153.92,153.43,153.72,50.40141,-12.79441,958600
12/31/2018 14:30,153.71,153.96,153.18,153.25,45.73594,-57.96892,1719400
12/31/2018 14:45,153.25,153.62,153.06,153.58,49.28559,-70.83272,1114500
12/31/2018 15:00,153.57,154.05,153.47,153.61,49.6083,-22.5932,1228700
12/31/2018 15:15,153.6,154,153.38,153.51,48.50034,-55.37519,1259400
12/31/2018 15:30,153.5,153.84,153.33,153.56,49.11232,-69.66545,1417000
12/31/2018 15:45,153.57,153.94,153.55,153.78,51.82482,-26.18412,2310200
12/31/2018 16:00,153.79,154.26,153.01,154.26,57.18689,-4.662385,6004600
1/2/2019 9:45,151,151.96,150.88,151.82,35.53488,-360.5887,6026700
1/2/2019 10:00,151.82,152.43,151.82,152.26,39.95008,-179.8083,2645800
1/2/2019 10:15,152.24,153.22,151.76,153.09,47.28484,-88.93802,2703900
1/2/2019 10:30,153.1,153.59,152.81,152.98,46.47465,-25.60776,2821100
1/2/2019 10:45,152.98,153.64,152.64,153.59,51.44328,2.731847,1854700
1/2/2019 11:00,153.58,154.02,153.35,153.77,52.83467,60.54121,2235800
1/2/2019 11:15,153.77,154.43,153.57,154.4,57.43201,108.3857,2533600
1/2/2019 11:30,154.4,154.8,154.1,154.24,55.94075,120.7993,2714700
1/2/2019 11:45,154.26,154.5,153.86,154.39,57.06631,91.58672,1691800
1/2/2019 12:00,154.39,154.47,153.65,153.7,50.65544,54.68565,1614300
1/2/2019 12:15,153.7,154.01,153.57,153.97,52.88589,42.52618,1574500
1/2/2019 12:30,153.96,154.05,153.69,153.97,55.07288,44.52122,1060500
1/2/2019 12:45,153.97,154.79,153.97,154.65,60.09659,92.47814,1788000
1/2/2019 13:00,154.66,155.02,154.51,154.89,61.72345,110.6574,1248000
1/2/2019 13:15,154.88,155.43,154.88,155.23,63.96477,145.6208,1484300
1/2/2019 13:30,155.24,155.51,155.09,155.34,64.68527,144.138,1151000
1/2/2019 13:45,155.34,155.7,155.24,155.37,64.89143,137.3405,1247600
1/2/2019 14:00,155.38,155.75,155.37,155.71,67.22678,131.3682,1189500
1/2/2019 14:15,155.71,155.73,154.77,154.94,57.8431,65.87548,1311600
1/2/2019 14:30,154.93,155.47,154.86,155.25,60.24874,60.93974,823000
1/2/2019 14:45,155.26,155.66,154.94,155.12,58.73502,58.2317,1124100
1/2/2019 15:00,155.12,155.48,154.85,154.86,55.71995,31.66277,954800
1/2/2019 15:15,154.86,155.1,154.2,154.62,53.01451,-27.42021,2525900
1/2/2019 15:30,154.62,154.7,154.13,154.33,49.86411,-71.35431,1725400
1/2/2019 15:45,154.32,154.32,153.86,154,46.47923,-126.098,2547600
1/2/2019 16:00,154,155.05,154,154.88,55.21062,-52.69442,3497600
1/3/2019 9:45,152.63,153.26,152.16,152.58,37.83657,-272.4709,6629600
1/3/2019 10:00,152.61,152.61,151.65,152.01,34.90498,-223.8126,3370000
1/3/2019 10:15,152.01,152.01,150.79,150.83,29.7638,-199.3747,4297100
1/3/2019 10:30,150.83,151.47,150.4,151.32,34.10429,-152.2709,3796400
1/3/2019 10:45,151.31,151.32,150,150.15,29.42789,-136.85,3431900
1/3/2019 11:00,150.15,151.04,150.11,151,36.26534,-103.8605,2431200
1/3/2019 11:15,151.02,151.71,150.9,151.47,39.74181,-67.09909,3105300
1/3/2019 11:30,151.49,152,151.32,151.36,39.20285,-51.46409,2360400
1/3/2019 11:45,151.37,152.75,151.12,152.46,46.95065,-21.72085,3156100
1/3/2019 12:00,152.46,152.66,151.85,152.03,44.56005,-10.35975,1984000
1/3/2019 12:15,152.04,152.28,151.5,151.9,43.83338,-18.50096,1892700
1/3/2019 12:30,151.91,152.08,151.31,151.5,41.58628,-27.46627,1223600
1/3/2019 12:45,151.5,151.89,151.17,151.42,41.13211,-29.02582,1133800
1/3/2019 13:00,151.42,152.03,151.42,151.86,44.70874,26.33719,1173100
1/3/2019 13:15,151.86,151.86,151.09,151.38,41.73014,-9.815935,1257400
1/3/2019 13:30,151.38,151.38,150.55,150.98,39.37581,-77.49117,2317900
1/3/2019 13:45,150.98,151.38,150.55,151.22,41.50811,-59.75871,1482200
1/3/2019 14:00,151.23,151.25,150.24,150.41,36.80335,-113.9723,2112300
1/3/2019 14:15,150.39,150.88,150.24,150.59,38.47226,-126.4261,1615700
1/3/2019 14:30,150.59,151.3,150.47,151.22,44.04244,-66.84344,2031400
1/3/2019 14:45,151.25,151.51,150.63,150.64,40.41491,-67.38587,1929900
1/3/2019 15:00,150.64,150.71,150.05,150.22,37.97571,-126.9636,2848300
1/3/2019 15:15,150.23,150.38,149.74,149.75,35.40084,-151.3831,2794500
1/3/2019 15:30,149.76,150.37,149.74,150.13,39.00198,-123.4835,2241600
1/3/2019 15:45,150.13,150.76,149.93,150.05,38.51519,-85.47401,3791100
1/3/2019 16:00,150.05,150.32,149.49,149.7,36.37609,-119.873,6032500
1/4/2019 9:45,152.29,153.01,151.74,152.88,58.77734,200.8834,6426200
1/4/2019 10:00,152.88,153.41,152.69,153.33,60.87655,221.3185,2767300
1/4/2019 10:15,153.47,153.59,153.09,153.1,59.21674,177.4383,2044300
1/4/2019 10:30,153.1,154.75,152.67,154.75,66.31284,163.8677,4641000
1/4/2019 10:45,154.74,154.99,154.4,154.48,64.34,144.2923,3840800
1/4/2019 11:00,154.49,155.21,154.47,155.2,67.14685,125.6824,1939500
1/4/2019 11:15,155.19,155.74,154.99,155.48,68.19527,117.8417,2517500
1/4/2019 11:30,155.48,155.64,155.1,155.39,67.4502,99.96925,2512500
1/4/2019 11:45,155.37,155.56,155.08,155.4,67.49268,86.26014,2528400
1/4/2019 12:00,155.4,155.91,155.4,155.62,68.46811,86.83631,2008700
1/4/2019 12:15,155.61,155.87,155.35,155.79,69.23627,78.46746,1470200
1/4/2019 12:30,155.79,156.24,155.74,156.02,70.29087,84.44382,2189800
1/4/2019 12:45,156,156.32,155.89,156.25,71.34853,86.40572,1622700
1/4/2019 13:00,156.25,156.49,156.13,156.28,71.4911,96.23545,1436600
1/4/2019 13:15,156.29,156.8,156.29,156.69,73.43652,112.4914,1980500
1/4/2019 13:30,156.7,156.76,156.52,156.72,73.57859,115.1998,1590200
1/4/2019 13:45,156.72,157,156.3,156.31,68.20928,95.44328,3195800
1/4/2019 14:00,156.32,156.65,156.19,156.44,68.9822,72.06784,2406700
1/4/2019 14:15,156.44,156.49,156.05,156.39,68.29443,49.47612,2064900
1/4/2019 14:30,156.38,156.77,156.24,156.67,70.09259,76.58456,1223800
1/4/2019 14:45,156.67,156.81,156.54,156.61,69.18711,83.1961,753300
1/4/2019 15:00,156.62,156.63,155.87,155.89,59.28875,-16.68043,3158300
1/4/2019 15:15,155.89,156.35,155.83,156.25,62.20065,-31.51073,1996400
1/4/2019 15:30,156.25,156.46,155.7,155.81,56.84862,-84.54878,2326100
1/4/2019 15:45,155.81,156.16,155.7,156.11,59.41291,-100.1974,2227300
1/4/2019 16:00,156.11,156.43,156.06,156.39,61.70051,-15.21265,6344400
