Timestamp,Open,High,Low,Close,Rsi,Cci,Volume
9/19/2018 15:00,182.31,182.47,182.2,182.31,,,1720800
9/19/2018 16:00,182.3,182.89,182.3,182.7,,,5812900
9/20/2018 10:00,183.96,184.33,183.52,184.22,,,6048700
9/20/2018 11:00,184.22,184.88,184.21,184.34,,,6576600
9/20/2018 12:00,184.34,184.91,184.29,184.65,,,4490500
9/20/2018 13:00,184.65,184.81,184.36,184.72,,,2234800
9/20/2018 14:00,184.72,184.81,184.5,184.73,,,2434300
9/20/2018 15:00,184.72,184.78,184.5,184.75,,,2450600
9/20/2018 16:00,184.75,184.97,184.61,184.72,,,6775600
9/21/2018 10:00,185.22,185.48,184,184.94,,,4553100
9/21/2018 11:00,184.94,185.09,184.19,184.33,,,8211600
9/21/2018 12:00,184.32,184.78,184.06,184.68,,,3636400
9/21/2018 13:00,184.68,184.89,184.37,184.5,,,3329900
9/21/2018 14:00,184.49,185.39,184.2,184.37,,45.17316,1666100
9/21/2018 15:00,184.38,184.38,183.84,183.88,,-68.25537,4070800
9/21/2018 16:00,183.87,183.92,183.48,183.71,65.15168,-215.7041,8599800
9/24/2018 10:00,182.02,182.83,181.3,182.64,52.14554,-319.2483,7116500
9/24/2018 11:00,182.64,183.05,182.36,182.78,53.45478,-166.9263,7426700
9/24/2018 12:00,182.79,183.56,182.48,183.38,58.67327,-96.54505,4332000
9/24/2018 13:00,183.39,183.51,183.05,183.16,56.18584,-72.41908,3812000
9/24/2018 14:00,183.16,183.76,183.11,183.7,60.60098,-38.52974,2280800
9/24/2018 15:00,183.71,183.8,183.48,183.56,58.94261,-24.16547,2026000
9/24/2018 16:00,183.56,183.96,183.53,183.89,61.60947,-0.127501,4495800
9/25/2018 10:00,183.81,183.99,183.39,183.8,60.45617,1.136707,4132400
9/25/2018 11:00,183.8,183.92,183.21,183.22,53.5047,-25.12357,2998100
9/25/2018 12:00,183.22,184.21,183.18,184.11,60.92871,35.13135,3691800
9/25/2018 13:00,184.11,184.21,183.79,183.9,58.55293,66.45557,2302800
9/25/2018 14:00,183.91,184.11,183.72,184.01,59.44495,78.67415,2932200
9/25/2018 15:00,184.01,184.12,183.94,184.04,59.69969,93.83219,2431400
9/25/2018 16:00,184.04,184.28,183.97,184.13,60.50137,99.11098,4522100
9/26/2018 10:00,184.3,184.78,184.17,184.68,65.0732,162.7025,3517600
9/26/2018 11:00,184.68,185.03,184.37,184.97,67.22728,186.6667,4133800
9/26/2018 12:00,184.96,185.39,184.96,185.24,69.13583,204.4046,2466700
9/26/2018 13:00,185.24,185.25,184.98,185.21,68.65742,149.6293,2289900
9/26/2018 14:00,185.22,185.33,184.98,185.1,66.83122,115.6819,2325700
9/26/2018 15:00,185.1,185.99,185.03,185.42,69.38251,127.117,6545200
9/26/2018 16:00,185.42,185.59,183.9,184.21,52.83365,17.05867,10666400
9/27/2018 10:00,185.02,185.78,184.92,185.63,63.75848,106.4181,4697900
9/27/2018 11:00,185.64,186.29,185.63,186.27,67.42113,150.5935,6116000
9/27/2018 12:00,186.27,186.45,185.94,186.28,67.4764,141.2098,3555400
9/27/2018 13:00,186.27,186.49,186.15,186.4,68.1746,133.6939,3646500
9/27/2018 14:00,186.4,186.41,186.24,186.34,67.39555,114.6292,2505300
9/27/2018 15:00,186.34,186.35,185.92,185.97,62.64162,76.01891,2672200
9/27/2018 16:00,185.97,186.09,185.64,185.81,60.64927,40.80025,6588900
9/28/2018 10:00,185.31,185.68,184.97,185.31,54.78529,-33.48566,3899400
9/28/2018 11:00,185.31,185.93,185.05,185.81,59.04925,-4.511111,3828400
9/28/2018 12:00,185.81,186.28,185.79,185.84,59.29726,43.54392,2959900
9/28/2018 13:00,185.84,186,185.24,185.61,56.47331,-16.21783,2047700
9/28/2018 14:00,185.6,185.86,185.41,185.66,56.95329,-19.51123,1765900
9/28/2018 15:00,185.66,185.69,185.31,185.54,55.375,-43.58294,3276600
9/28/2018 16:00,185.54,185.82,185.47,185.79,57.98692,-32.7284,8676300
10/1/2018 10:00,186.87,187.46,186.65,187.32,69.68238,224.899,4184000
10/1/2018 11:00,187.33,187.53,187.11,187.3,69.41032,187.0124,3487600
10/1/2018 12:00,187.31,187.31,186.88,187.05,65.94511,123.4284,2337000
10/1/2018 13:00,187.05,187.08,186.42,186.51,59.08361,64.8456,3217100
10/1/2018 14:00,186.51,186.77,186.44,186.62,59.99669,52.79829,3486200
10/1/2018 15:00,186.63,186.63,186,186.36,56.7719,18.29991,3697900
10/1/2018 16:00,186.36,186.42,185.7,186.15,54.2361,-10.98278,5500700
10/2/2018 10:00,186.01,186.45,185.32,186.38,56.52648,-23.45337,4704800
10/2/2018 11:00,186.38,186.79,185.94,186.57,58.37953,18.18183,4009600
10/2/2018 12:00,186.57,187.08,186.42,187.03,62.54226,63.12766,2716800
10/2/2018 13:00,187.03,187.18,186.32,186.46,55.17782,31.30092,2799700
10/2/2018 14:00,186.45,186.74,186.39,186.45,55.05521,4.919976,1469200
10/2/2018 15:00,186.45,186.6,186.03,186.1,50.80452,-57.59163,2202600
10/2/2018 16:00,186.1,186.1,185.33,185.75,46.9044,-156.5792,6537000
10/3/2018 10:00,186.53,186.84,186.28,186.48,54.71309,5.576036,3823400
10/3/2018 11:00,186.5,186.97,186.21,186.31,52.76688,12.20455,4487600
10/3/2018 12:00,186.3,186.67,186,186.66,56.21984,11.76059,4177600
10/3/2018 13:00,186.66,186.78,186.28,186.56,54.98301,44.4006,1999000
10/3/2018 14:00,186.56,186.83,186.42,186.54,54.72367,62.15194,2877000
10/3/2018 15:00,186.54,186.72,185.87,186.11,49.33674,-44.96626,4214400
10/3/2018 16:00,186.11,186.21,185.66,185.95,47.46439,-120.6565,6207300
10/4/2018 10:00,185.2,185.32,183.95,184.3,33.39136,-305.0825,6974600
10/4/2018 11:00,184.3,184.3,182.96,183.1,27.0985,-265.4354,11064400
10/4/2018 12:00,183.1,183.56,182.48,182.58,24.90791,-207.845,9115700
10/4/2018 13:00,182.59,182.74,181.8,181.98,22.63429,-174.2185,11373100
10/4/2018 14:00,181.98,182.16,181.27,181.45,20.82592,-149.3846,9569000
10/4/2018 15:00,181.45,182.33,181.06,182.25,29.92663,-111.2438,11716500
10/4/2018 16:00,182.24,182.61,181.77,182.38,31.30844,-82.10255,13467700
10/5/2018 10:00,182.36,182.97,181.47,181.61,27.81043,-77.53645,10054400
10/5/2018 11:00,181.61,182.26,181.05,181.37,26.80514,-82.21315,8309100
10/5/2018 12:00,181.37,181.39,179.35,179.47,20.49047,-121.5176,14134100
10/5/2018 13:00,179.48,179.92,178.8,179.1,19.52582,-137.3445,12072400
10/5/2018 14:00,179.1,179.66,178.43,179.54,24.10175,-131.3112,11118100
10/5/2018 15:00,179.56,180.74,179.37,180.5,33.04734,-83.1526,10247000
10/5/2018 16:00,180.5,180.87,180,180.15,31.58566,-64.9698,11648500
10/8/2018 10:00,179.52,180.27,178.72,180.08,31.28763,-83.8098,7072700
10/8/2018 11:00,180.08,180.64,179.45,179.75,29.85723,-59.05548,6151800
10/8/2018 12:00,179.75,179.76,177.12,178.1,23.95917,-136.0899,13819100
10/8/2018 13:00,178.1,178.25,176.95,177,20.9832,-166.4561,10600800
10/8/2018 14:00,177,178.34,176.93,177.92,28.93374,-126.1147,7545700
10/8/2018 15:00,177.92,179.4,177.88,179.04,37.21586,-58.24286,8299400
10/8/2018 16:00,179.04,179.55,178.92,179.05,37.28621,-25.28224,8953700
10/9/2018 10:00,179.18,180,178.75,179.94,43.36249,15.24492,9510200
10/9/2018 11:00,179.94,181.02,179.27,180.32,45.77814,85.18168,10602700
10/9/2018 12:00,180.33,180.68,179.69,180.48,46.80679,89.26701,6276000
10/9/2018 13:00,180.5,180.69,179.28,179.42,41.22632,40.39102,5082900
10/9/2018 14:00,179.43,179.85,178.93,179.5,41.79039,6.981601,5337100
10/9/2018 15:00,179.5,180.03,179.16,179.91,44.71862,35.24409,3890600
10/9/2018 16:00,179.92,180,179.36,179.63,43.1232,38.08704,5638500
10/10/2018 10:00,178.51,178.62,175.94,176.22,29.37713,-161.7618,14737200
10/10/2018 11:00,176.23,176.79,175.58,176.24,29.51907,-163.0197,16743200
10/10/2018 12:00,176.24,176.38,174.85,175.39,27.03294,-155.2576,12803200
10/10/2018 13:00,175.35,176.14,174.92,175.33,26.86098,-133.9845,10441000
10/10/2018 14:00,175.34,176.34,174.88,175.57,28.81183,-107.1364,9893000
10/10/2018 15:00,175.56,175.67,174.1,174.64,25.92605,-110.419,13389800
10/10/2018 16:00,174.63,174.63,171.5,171.73,19.38385,-146.3421,28741600
10/11/2018 10:00,171.02,173.4,170.07,173.33,29.86345,-131.9741,27890900
10/11/2018 11:00,173.33,173.33,170.64,170.78,24.41592,-130.6108,21314000
10/11/2018 12:00,170.77,172.31,169.47,171.42,27.96742,-127.7456,19968700
10/11/2018 13:00,171.42,172.9,171.27,171.81,30.12214,-88.70724,8601000
10/11/2018 14:00,171.8,172.45,170.84,171.6,29.60857,-84.19675,9291800
10/11/2018 15:00,171.59,171.78,167.81,169.19,24.45524,-120.8876,19986900
10/11/2018 16:00,169.19,171.81,168.84,169.6,26.78976,-97.64986,26647800
10/12/2018 10:00,174.17,174.28,172.94,173.72,45.13685,22.60958,20376600
10/12/2018 11:00,173.7,174.33,172.99,173.55,44.63974,31.84623,17436200
10/12/2018 12:00,173.56,173.91,172.15,172.6,41.86494,11.59599,10328800
10/12/2018 13:00,172.61,172.66,170.93,172.13,40.52289,-24.7297,12500400
10/12/2018 14:00,172.13,172.99,171.77,172.52,42.17924,17.77244,10308600
10/12/2018 15:00,172.51,173.19,171.58,173.03,44.36131,46.2519,9576900
10/12/2018 16:00,173.03,174.86,172.73,174.33,49.58423,129.467,15275400
10/15/2018 10:00,173.71,173.99,172.53,172.7,44.00621,60.01849,11985700
10/15/2018 11:00,172.7,172.87,171.56,172.78,44.33719,13.09896,11361400
10/15/2018 12:00,172.8,173.93,172.49,172.58,43.64268,46.8163,8804400
10/15/2018 13:00,172.59,173.5,172.17,173.2,46.44341,39.18872,6575300
10/15/2018 14:00,173.21,174.04,172.88,173.7,48.65931,72.7838,7665500
10/15/2018 15:00,173.71,173.93,172.63,173.68,48.57272,58.54605,5714000
10/15/2018 16:00,173.68,174.03,172.12,172.13,42.29277,-37.42219,9541900
10/16/2018 10:00,174.02,174.73,173.82,174.73,53.21882,174.5262,12493600
10/16/2018 11:00,174.73,174.94,173.7,174.91,53.87003,153.6676,9723400
10/16/2018 12:00,174.9,175.79,174.65,175.76,56.91959,180.7463,8663300
10/16/2018 13:00,175.76,176.04,175.44,176.01,57.80316,168.9548,5194700
10/16/2018 14:00,176.02,176.6,175.93,176.34,58.99859,156.5048,5963800
10/16/2018 15:00,176.34,176.78,176.27,176.37,59.11199,134.778,5499400
10/16/2018 16:00,176.37,177.65,176.2,177.14,62.01594,130.8492,14581400
10/17/2018 10:00,178.08,178.26,176.49,176.61,58.91438,112.9352,9515600
10/17/2018 11:00,176.61,176.86,175.47,176.01,55.52859,56.94368,12482200
10/17/2018 12:00,176,177.24,175.71,177.09,59.98619,73.9669,11505100
10/17/2018 13:00,177.11,177.55,176.66,177.22,60.49946,88.10862,7091100
10/17/2018 14:00,177.23,177.95,177.08,177.25,60.62497,94.30132,6942500
10/17/2018 15:00,177.27,177.59,176.1,177.38,61.20035,65.96844,8448000
10/17/2018 16:00,177.38,177.5,176.71,177.29,60.54072,72.41958,9770600
10/18/2018 10:00,176.62,176.68,175.64,175.8,50.78329,-42.1545,6315800
10/18/2018 11:00,175.8,176.29,175.24,176.08,52.33789,-83.05379,7541000
10/18/2018 12:00,176.08,176.22,173.19,173.54,39.9959,-231.84,13893600
10/18/2018 13:00,173.53,174.69,173.33,173.94,42.30339,-203.6269,9433200
10/18/2018 14:00,173.93,174.06,172.44,172.96,38.40663,-192.2268,14268200
10/18/2018 15:00,172.95,174.1,172.87,173.58,42.0439,-128.5497,10904200
10/18/2018 16:00,173.57,173.8,172.99,173.18,40.38681,-109.2116,15328000
10/19/2018 10:00,174.58,175.8,174.34,175.41,51.79376,-15.36381,8425200
10/19/2018 11:00,175.41,176.07,175.01,175.37,51.60298,1.637843,12548700
10/19/2018 12:00,175.37,175.66,173.9,174.45,47.2894,-33.04293,9793900
10/19/2018 13:00,174.46,174.6,172.57,173.56,43.50105,-78.04768,13070800
10/19/2018 14:00,173.54,174.1,172.89,173.25,42.23199,-77.25185,8113900
10/19/2018 15:00,173.25,173.59,172.39,173.08,41.51672,-90.44205,10277100
10/19/2018 16:00,173.07,173.74,172.8,173.05,41.38351,-73.07298,12370800
10/22/2018 10:00,174.06,174.58,172.6,172.9,40.68066,-54.74419,7924200
10/22/2018 11:00,172.9,175.25,172.59,174.87,52.16957,35.75214,12036700
10/22/2018 12:00,174.87,175.17,173.77,174.07,48.09584,45.75441,6805300
10/22/2018 13:00,174.09,174.57,173.49,174.26,49.11213,21.01449,5320200
10/22/2018 14:00,174.26,174.68,173.78,173.78,46.62809,12.40275,3370400
10/22/2018 15:00,173.78,174.44,173.71,174.29,49.54794,15.35859,4540100
10/22/2018 16:00,174.27,174.95,173.91,173.91,47.46438,22.08128,9499900
10/23/2018 10:00,170.64,171.4,170.18,170.47,33.66338,-271.5379,13539400
10/23/2018 11:00,170.47,170.58,168.82,169.95,32.14197,-247.995,15590500
10/23/2018 12:00,169.94,171,169.49,169.98,32.33197,-158.2795,9489600
10/23/2018 13:00,169.98,172.26,169.97,171.52,41.40258,-78.52185,9428300
10/23/2018 14:00,171.52,172.56,171.44,171.63,42.00062,-40.73673,7794800
10/23/2018 15:00,171.66,173.88,171.58,173.71,51.9805,14.20877,7977500
10/23/2018 16:00,173.7,174.13,173.08,173.27,50.01976,33.22706,10410400
10/24/2018 10:00,173.07,173.36,171.99,172.36,46.1431,-6.858202,8666600
10/24/2018 11:00,172.37,172.87,171.52,171.56,42.98878,-27.82086,7685100
10/24/2018 12:00,171.56,171.73,169.8,171.5,42.75274,-64.37067,13188900
10/24/2018 13:00,171.49,171.59,170.16,170.72,39.70078,-64.61404,7171100
10/24/2018 14:00,170.72,170.72,168.84,168.99,33.91751,-115.1736,12851500
10/24/2018 15:00,168.99,169.64,168.4,168.71,33.07765,-128.9064,13661000
10/24/2018 16:00,168.71,168.71,165.04,165.32,25.00471,-219.1187,29591400
10/25/2018 10:00,167.91,169.22,167.16,169.08,41.93256,-94.37844,15581500
10/25/2018 11:00,169.08,170.19,168.66,169.48,43.3963,-50.91634,12692700
10/25/2018 12:00,169.46,170.51,168.96,170.07,45.5756,-32.26952,6701300
10/25/2018 13:00,170.07,170.32,169.29,169.9,45.03751,-28.27081,5792600
10/25/2018 14:00,169.9,170.56,169.4,170.36,46.86546,-12.42965,5866200
10/25/2018 15:00,170.36,172.08,170.1,171.64,51.681,49.26328,8292800
10/25/2018 16:00,171.64,172.01,170.77,170.96,49.13343,64.36557,17867800
10/26/2018 10:00,165.2,167.76,165.2,167,37.53077,-162.3089,20314800
10/26/2018 11:00,167,167,164.23,164.4,32.16082,-179.6596,20393300
10/26/2018 12:00,164.38,167.29,164.25,166.92,40.97586,-110.5027,16640300
10/26/2018 13:00,166.91,169.46,166.88,168.86,46.71605,-11.88449,12875700
10/26/2018 14:00,168.85,169.96,167.27,168.21,45.13234,-5.382259,18621700
10/26/2018 15:00,168.21,168.43,165.87,166.14,40.43148,-68.72868,10003600
10/26/2018 16:00,166.14,167.62,165.54,166.8,42.48834,-77.51704,24138900
10/29/2018 10:00,169.21,169.54,168.36,168.93,48.65058,18.34801,9847800
10/29/2018 11:00,168.92,169.86,168.13,168.28,46.99573,12.96731,10880400
10/29/2018 12:00,168.29,168.59,166.69,166.71,43.17558,-40.7051,10010700
10/29/2018 13:00,166.71,166.83,165.08,165.77,41.02533,-87.13029,14075000
10/29/2018 14:00,165.78,166.85,165.73,166.05,41.95268,-65.00842,9013100
10/29/2018 15:00,166.05,166.09,163.63,163.94,37.20489,-128.4576,13311600
10/29/2018 16:00,163.96,164.02,160.09,163.67,36.63356,-206.5669,38782700
10/30/2018 10:00,162.75,165.52,162.02,165.13,41.8349,-100.8979,18688500
10/30/2018 11:00,165.13,165.28,162.87,163.46,37.99333,-105.7083,17353200
10/30/2018 12:00,163.47,165.7,163.11,164.67,42.13911,-68.83794,11870300
10/30/2018 13:00,164.66,165.21,163.79,163.84,40.15577,-66.3614,7403800
10/30/2018 14:00,163.85,164.14,162.42,164.05,40.91354,-82.82456,9108100
10/30/2018 15:00,164.04,164.98,163.02,164.8,43.65743,-46.46381,7713900
10/30/2018 16:00,164.8,166.04,164.23,165.86,47.37691,2.961049,14270900
10/31/2018 10:00,168.62,169.95,168.54,169.87,58.53017,175.1138,13136600
10/31/2018 11:00,169.88,170.88,169.69,169.8,58.29792,185.1798,13582500
10/31/2018 12:00,169.8,170.36,168.88,169.37,56.8065,139.0122,7191800
10/31/2018 13:00,169.37,170.44,168.65,170.23,59.06218,115.7348,5920300
10/31/2018 14:00,170.24,171.09,170.15,170.54,59.8756,110.8997,5642900
10/31/2018 15:00,170.53,171.25,170.26,170.82,60.63643,94.53051,8700200
10/31/2018 16:00,170.82,171.14,169.63,169.82,56.515,69.71352,14045500
11/1/2018 10:00,170.07,170.66,168.98,169.56,55.45948,51.43199,9442700
11/1/2018 11:00,169.53,170.87,168.78,170.63,58.86435,53.45364,10191400
11/1/2018 12:00,170.64,171.43,170.25,171.01,60.03283,68.78457,5818300
11/1/2018 13:00,171.01,171.6,170.7,171.57,61.75693,78.61069,4407600
11/1/2018 14:00,171.55,172.08,171.27,171.72,62.22694,103.7319,4668600
11/1/2018 15:00,171.72,171.99,171.38,171.86,62.68787,117.1264,5245500
11/1/2018 16:00,171.86,172.24,171.54,172.06,63.37543,129.0345,8888000
11/2/2018 10:00,171.53,172.55,170.93,171.36,59.25943,84.65559,11748300
11/2/2018 11:00,171.34,171.45,169.2,170.28,53.48753,-40.14583,12242300
11/2/2018 12:00,170.3,170.35,169.06,169.98,51.97318,-93.72896,10280800
11/2/2018 13:00,169.98,170.07,168.3,168.68,45.90771,-153.1057,8724100
11/2/2018 14:00,168.68,169.6,168.22,169.22,48.59158,-123.9327,7758000
11/2/2018 15:00,169.22,169.98,168.32,169.58,50.35983,-86.93041,10173200
11/2/2018 16:00,169.58,170,169.01,169.38,49.34439,-67.22053,10802500
11/5/2018 10:00,169.6,169.66,167.88,168.04,43.07703,-117.7356,7705400
11/5/2018 11:00,168.04,168.33,167.08,168.23,44.16003,-129.9389,8019600
11/5/2018 12:00,168.23,168.48,167.43,168,43.09129,-106.1433,4248700
11/5/2018 13:00,168.01,168.14,167.53,167.81,42.18303,-100.7205,2574400
11/5/2018 14:00,167.81,168.37,167.62,168.19,44.69379,-80.69338,2692000
11/5/2018 15:00,168.19,169.33,168.05,169.04,49.93132,-30.03808,5123300
11/5/2018 16:00,169.06,169.28,168.5,168.95,49.39792,-10.97891,7317400
11/6/2018 10:00,168.97,171.19,168.9,170.87,59.3701,139.2533,6197700
11/6/2018 11:00,170.86,170.9,169.77,169.87,53.46074,127.841,4326200
11/6/2018 12:00,169.88,170.25,169.35,169.93,53.75813,92.50794,4121200
11/6/2018 13:00,169.94,170.49,169.81,170.14,54.84578,102.4743,2449000
11/6/2018 14:00,170.15,170.41,169.81,169.87,53.11596,77.68228,2608800
11/6/2018 15:00,169.86,169.91,168.72,169.28,49.44607,17.57104,4546100
11/6/2018 16:00,169.28,170.4,169.04,170.26,55.00683,61.85929,7071800
11/7/2018 10:00,172.28,173,171.87,172.5,64.59357,201.8892,9415400
11/7/2018 11:00,172.5,174.37,172.4,173.99,69.28213,220.7659,10647100
11/7/2018 12:00,173.99,174.79,173.7,174.73,71.3138,199.2121,5615500
11/7/2018 13:00,174.72,174.76,174.2,174.54,70.03299,146.4078,3402000
11/7/2018 14:00,174.54,174.77,174.05,174.33,68.56727,111.4039,3702000
11/7/2018 15:00,174.33,175.03,174.33,174.64,69.57944,99.53382,5128100
11/7/2018 16:00,174.65,175.58,174.58,175.58,72.47396,100.4478,9648900
11/8/2018 10:00,174.86,175.21,174.11,175.13,69.08507,75.78706,6455600
11/8/2018 11:00,175.13,175.3,174.41,174.81,66.69662,67.37912,5751800
11/8/2018 12:00,174.82,175.08,174.35,174.81,64.30252,57.7021,3093800
11/8/2018 13:00,174.81,174.94,174.48,174.51,62.05369,49.00841,2764500
11/8/2018 14:00,174.51,174.65,173.96,174.52,62.10131,32.72666,4279700
11/8/2018 15:00,174.52,174.99,173.68,174.05,58.39532,13.64327,6266600
11/8/2018 16:00,174.05,174.49,173.63,174.49,60.75641,-25.40148,8781000
11/9/2018 10:00,173.02,173.25,172.1,172.47,47.44454,-287.9725,5014400
11/9/2018 11:00,172.47,172.73,171.57,171.83,44.14438,-261.2697,7361500
11/9/2018 12:00,171.83,172.09,170.93,171.02,40.32164,-205.0904,5920800
11/9/2018 13:00,171.02,171.4,170.8,171.06,40.59517,-155.9376,5366100
11/9/2018 14:00,171.07,171.29,170.46,170.58,38.32475,-130.943,4096000
11/9/2018 15:00,170.57,171.57,170.16,171.27,43.23924,-98.29331,6781400
11/9/2018 16:00,171.28,172.08,171.2,171.52,44.9508,-62.05719,10857400
11/12/2018 10:00,170.45,170.64,168.58,168.72,32.96229,-137.3631,6344000
11/12/2018 11:00,168.72,168.91,167.29,167.36,28.92682,-165.953,8476700
11/12/2018 12:00,167.37,167.39,166.18,167.28,28.7042,-170.0104,9940900
11/12/2018 13:00,167.28,167.95,167.13,167.15,28.32274,-130.5144,5474100
11/12/2018 14:00,167.15,167.58,166.49,167.32,29.6396,-113.3161,5111400
11/12/2018 15:00,167.32,168.18,167.1,167.2,29.23135,-84.29682,7134300
11/12/2018 16:00,167.21,167.6,166.22,166.33,26.39324,-94.93398,14226300
11/13/2018 10:00,167.11,168.48,167.03,167.05,32.25537,-58.66119,9322000
11/13/2018 11:00,167.05,168.19,166.41,168.05,39.46623,-49.76035,12115600
11/13/2018 12:00,168.07,169.48,167.99,168.18,40.35498,-3.937874,11226600
11/13/2018 13:00,168.19,168.46,167.1,167.35,36.65452,-38.0439,5173400
11/13/2018 14:00,167.35,168.04,167.02,167.33,36.56748,-41.24899,5283700
11/13/2018 15:00,167.32,167.43,166.1,166.6,33.44647,-89.88186,6770500
11/13/2018 16:00,166.6,167.19,166,166.5,33.03055,-124.0281,12384600
11/14/2018 10:00,168.12,168.7,167.41,167.8,42.96027,92.67509,7937700
11/14/2018 11:00,167.76,167.84,166.09,166.52,37.12366,-77.43739,9763700
11/14/2018 12:00,166.52,166.52,165.26,166.09,35.38443,-167.4879,11512700
11/14/2018 13:00,166.09,166.27,165.01,165.17,31.93699,-171.8219,10166700
11/14/2018 14:00,165.15,165.87,164.67,165.06,31.5413,-154.1761,7358200
11/14/2018 15:00,165.05,166.4,164.25,166.29,40.42902,-98.87755,11504600
11/14/2018 16:00,166.3,166.86,164.79,165.14,35.75515,-88.04379,11804200
11/15/2018 10:00,164.9,165.88,164.17,164.64,33.91909,-117.2569,9071700
11/15/2018 11:00,164.64,165.1,163.46,164.76,34.78461,-123.165,8409200
11/15/2018 12:00,164.76,166.22,164.52,165.89,42.43153,-43.75592,9096000
11/15/2018 13:00,165.9,166.36,165.31,165.52,40.7468,-22.93792,5009600
11/15/2018 14:00,165.51,167.76,165.1,167.62,52.31852,79.55272,10863000
11/15/2018 15:00,167.62,168.54,167.37,168.01,54.11088,151.9258,7094400
11/15/2018 16:00,167.99,168.21,166.76,168.1,54.53566,109.8144,16387400
11/16/2018 10:00,166.45,167.44,165.78,167.26,49.89397,61.74626,9444200
11/16/2018 11:00,167.26,168.1,166.8,167.39,50.59482,99.30505,7862500
11/16/2018 12:00,167.41,167.53,166.19,166.46,45.67324,41.15504,6726300
11/16/2018 13:00,166.46,168.31,166.12,167.58,51.75927,71.96513,8444200
11/16/2018 14:00,167.58,167.72,166.5,166.84,47.93803,43.5345,4146500
11/16/2018 15:00,166.83,168.03,166.72,167.98,53.61885,74.0125,4621500
11/16/2018 16:00,167.97,168.29,167.43,167.53,51.24198,79.46182,12911600
11/19/2018 10:00,166.7,166.9,165.07,165.49,42.12532,-79.22597,6862800
11/19/2018 11:00,165.48,165.5,163.74,164.78,39.49181,-181.8142,11224800
11/19/2018 12:00,164.76,164.96,162.68,163.09,34.03729,-211.4856,6946800
11/19/2018 13:00,163.05,163.25,162.45,162.78,33.13329,-190.5003,6834300
11/19/2018 14:00,162.79,163.19,161.94,162.26,31.61638,-151.8002,7178300
11/19/2018 15:00,162.26,162.93,161.77,162.72,34.47429,-120.2904,7481300
11/19/2018 16:00,162.72,163.34,161.54,162.05,32.35344,-103.0466,14984000
11/20/2018 10:00,158.37,159.76,157.8,158.44,23.84237,-174.0975,22785000
11/20/2018 11:00,158.45,161.11,157.13,161.03,36.70696,-119.4051,23476800
11/20/2018 12:00,161.02,161.18,159.63,160.82,36.17343,-85.81982,12245600
11/20/2018 13:00,160.82,161.38,159.83,159.91,33.87557,-80.68105,7089200
11/20/2018 14:00,159.9,160.19,159.1,159.1,31.93122,-96.47137,6477200
11/20/2018 15:00,159.09,159.76,158.67,158.99,31.66541,-94.0387,9700700
11/20/2018 16:00,159.04,159.64,158.13,159.22,32.92271,-86.09219,16645900
11/21/2018 10:00,161.35,161.9,160.11,161.19,42.65519,-4.110961,9087500
11/21/2018 11:00,161.18,161.77,160.59,161.11,42.38623,11.90124,9207900
11/21/2018 12:00,161.12,161.97,160.85,161.35,43.53648,35.16454,5781800
11/21/2018 13:00,161.37,161.69,161.05,161.64,44.96619,48.46205,3410900
11/21/2018 14:00,161.64,161.73,161.17,161.53,44.50584,57.43392,2312100
11/21/2018 15:00,161.52,161.7,161.14,161.19,43.03918,58.33367,2212400
11/21/2018 16:00,161.19,161.56,160.4,160.4,39.76044,29.90369,7806700
11/23/2018 10:00,159.13,160.84,159.09,160.5,40.37962,-32.83101,5251600
11/23/2018 11:00,160.49,160.67,159.74,160.13,38.791,-33.83172,4566100
11/23/2018 12:00,160.13,160.47,159.45,159.5,36.18083,-59.81718,3860400
11/23/2018 13:00,159.5,159.94,159.19,159.26,35.20886,-77.69408,5948900
11/26/2018 10:00,161.46,162.29,160.8,162.29,52.54234,97.38557,6245700
11/26/2018 11:00,162.28,162.43,161.47,162.15,51.8521,106.4383,6030800
11/26/2018 12:00,162.15,162.29,161.29,161.66,49.40574,77.66754,4323900
11/26/2018 13:00,161.66,162.03,160.76,161.34,47.81899,36.64065,3736900
11/26/2018 14:00,161.34,162.08,161.19,162.02,51.39157,67.8041,3584300
11/26/2018 15:00,162.03,162.68,161.96,162.67,54.59183,116.0853,4207600
11/26/2018 16:00,162.67,162.97,162.37,162.92,55.79725,125.006,8854300
11/27/2018 10:00,162.04,162.58,161.18,162.49,53.18222,64.39469,5929300
11/27/2018 11:00,162.48,163.58,162.08,163.35,57.47492,115.7069,8041700
11/27/2018 12:00,163.35,163.85,162.91,163.46,58.00531,124.6565,5076800
11/27/2018 13:00,163.46,163.51,162.5,162.65,52.7845,83.63238,2824200
11/27/2018 14:00,162.65,163.42,162.36,163.4,56.67301,86.45529,5671800
11/27/2018 15:00,163.41,163.78,163.18,163.19,55.29977,101.0184,2877300
11/27/2018 16:00,163.19,163.49,162.88,163.44,56.64661,84.24422,4961300
11/28/2018 10:00,164.66,164.89,164.12,164.44,61.62714,177.2001,7940400
11/28/2018 11:00,164.44,164.77,163.71,163.92,57.90204,123.2081,6416500
11/28/2018 12:00,163.92,164.46,163.83,164.34,60.00484,115.3826,4458300
11/28/2018 13:00,164.34,167.23,164.34,166.58,68.92121,226.6139,17537600
11/28/2018 14:00,166.58,167.85,166.18,167.65,72.1187,219.9426,10342800
11/28/2018 15:00,167.65,167.89,167.26,167.43,70.51235,177.4514,5947500
11/28/2018 16:00,167.43,168.7,167.22,168.7,74.09889,157.0368,12725000
11/29/2018 10:00,168.01,168.47,167.59,168.04,69.37638,116.7604,5074400
11/29/2018 11:00,168.05,168.27,166.82,166.98,62.48824,76.22405,9161000
11/29/2018 12:00,166.98,168.15,166.89,168,65.98775,75.07053,7495700
11/29/2018 13:00,168,168.38,167.6,168.36,67.15249,79.61873,2780800
11/29/2018 14:00,168.36,168.52,167.9,168.21,66.13627,74.32619,2606600
11/29/2018 15:00,168.21,169.25,168.04,169.21,69.45503,90.38513,6921600
11/29/2018 16:00,169.21,169.26,168.07,168.16,62.52593,73.22578,7366000
11/30/2018 10:00,168.36,168.43,167.54,168.11,62.20765,45.32754,3737100
11/30/2018 11:00,168.11,169,167.76,168.5,63.75726,68.07139,4036100
11/30/2018 12:00,168.5,168.68,168.03,168.53,63.87994,65.55559,5280500
11/30/2018 13:00,168.54,168.55,168.02,168.04,60.28993,28.34153,2204900
11/30/2018 14:00,168.04,168.86,167.82,168.75,63.49155,73.56474,3899500
11/30/2018 15:00,168.75,168.81,168.41,168.6,62.34792,93.64762,3418100
11/30/2018 16:00,168.6,169.47,168.59,169.42,65.95793,170.1747,10463200
12/3/2018 10:00,173.1,173.31,171.5,171.77,73.7312,378.1165,9294200
12/3/2018 11:00,171.75,173.12,171.62,171.69,73.11909,223.4964,11185400
12/3/2018 12:00,171.7,172.29,171.3,171.38,70.67078,136.5154,5337800
12/3/2018 13:00,171.38,172.21,171.38,171.86,72.22175,110.2689,3237700
12/3/2018 14:00,171.86,172.32,171.22,171.5,69.26334,83.97784,3951800
12/3/2018 15:00,171.51,172.01,171.04,171.76,70.21236,67.87036,4397200
12/3/2018 16:00,171.76,172.36,171.41,172.26,72.00264,72.0825,10761500
12/4/2018 10:00,171.43,171.8,170.93,171.33,64.26586,39.39095,5076600
12/4/2018 11:00,171.34,171.91,171.17,171.3,64.02687,37.83926,5732200
12/4/2018 12:00,171.29,171.47,170.48,170.5,57.84858,0.9654328,4445100
12/4/2018 13:00,170.49,170.49,167.3,167.9,43.24375,-124.1579,12967900
12/4/2018 14:00,167.88,168.2,166.02,167.26,40.53117,-176.6645,9131600
12/4/2018 15:00,167.25,168.14,166.91,167.34,41.02914,-145.0531,8075900
12/4/2018 16:00,167.34,167.34,165.52,165.72,34.69388,-160.1256,16546600
12/6/2018 10:00,162.42,164.16,162.03,162.67,26.42194,-192.4004,11413700
12/6/2018 11:00,162.69,163.97,162.45,162.78,27.09706,-146.039,11188700
12/6/2018 12:00,162.77,164.09,161.77,164.06,34.61514,-115.851,9666700
12/6/2018 13:00,164.06,165.81,163.56,165.41,41.47075,-68.50038,9703300
12/6/2018 14:00,165.41,165.69,163.96,165.63,42.52829,-56.66456,7677900
12/6/2018 15:00,165.63,165.93,164.08,165.31,41.35771,-48.85652,7335800
12/6/2018 16:00,165.31,166.91,164.85,166.89,48.84452,-13.29219,11632300
12/7/2018 10:00,166.16,167.12,165.89,166.44,47.00393,4.697524,7883000
12/7/2018 11:00,166.45,166.81,164.12,164.74,40.75576,-27.12269,9950100
12/7/2018 12:00,164.73,164.89,162.83,162.85,35.15992,-88.12228,10010000
12/7/2018 13:00,162.84,163.63,162.27,163.36,37.64773,-97.91113,9932100
12/7/2018 14:00,163.35,163.8,162.24,162.29,34.64434,-94.90582,6282800
12/7/2018 15:00,162.3,162.81,161.18,161.33,32.16508,-124.0571,10648200
12/7/2018 16:00,161.32,162.6,160.86,161.34,32.21946,-115.841,21566800
12/10/2018 10:00,161.08,162.76,160.56,160.96,31.19545,-111.2955,10317600
12/10/2018 11:00,160.96,162.36,160.35,160.61,30.24202,-110.4259,13567200
12/10/2018 12:00,160.61,161.34,159.41,160.6,30.21362,-116.3249,13986200
12/10/2018 13:00,160.59,162.39,160.01,161.99,38.81802,-67.76945,7726900
12/10/2018 14:00,162,162.74,161.38,162.34,40.79735,-35.57202,6913700
12/10/2018 15:00,162.34,163.36,161.93,162.54,41.953,-10.867,7654200
12/10/2018 16:00,162.54,163.78,162.18,163.07,45.01615,21.68992,8884200
12/11/2018 10:00,165.72,165.77,164.99,165.15,55.0426,165.9809,7173000
12/11/2018 11:00,165.16,165.7,164.27,164.57,52.18501,143.6805,8749500
12/11/2018 12:00,164.57,164.77,163.91,164.59,52.27697,107.3437,6829000
12/11/2018 13:00,164.59,164.59,163.23,163.76,48.1372,68.01748,6429000
12/11/2018 14:00,163.76,163.97,162.37,162.51,42.65839,16.86252,5316300
12/11/2018 15:00,162.51,164.37,162.23,163.97,49.83957,41.30939,7399100
12/11/2018 16:00,163.97,164.95,163.52,163.61,48.23549,60.20238,10456500
12/12/2018 10:00,166.06,166.14,165.34,166.11,58.27793,134.4012,7471200
12/12/2018 11:00,166.11,166.97,165.89,166.88,60.8004,146.031,8476600
12/12/2018 12:00,166.88,167.47,166.68,167.32,62.20652,150.2009,5263500
12/12/2018 13:00,167.33,167.51,166.86,167.43,62.56797,130.1816,4525300
12/12/2018 14:00,167.43,167.6,166.9,167.04,60.36342,106.9348,4197700
12/12/2018 15:00,167.04,167.09,165.34,165.95,54.57563,48.33384,8326800
12/12/2018 16:00,165.94,166.4,164.96,165.05,50.28812,7.992658,9245400
12/13/2018 10:00,166.05,166.69,165.38,165.58,52.64735,28.01089,4842500
12/13/2018 11:00,165.57,166.82,164.55,165.26,51.07135,7.035789,8252100
12/13/2018 12:00,165.26,165.79,164.61,164.76,48.62223,-24.19863,6771900
12/13/2018 13:00,164.76,164.96,164.14,164.64,48.02699,-58.2741,6336400
12/13/2018 14:00,164.64,165.44,164.19,164.69,48.31096,-62.14996,5561800
12/13/2018 15:00,164.7,164.9,164.03,164.75,48.67334,-89.75616,5261800
12/13/2018 16:00,164.75,165.49,164.34,165.1,50.83863,-68.10806,7612300
12/14/2018 10:00,163.23,163.42,162.37,163.24,40.9516,-179.3064,5835600
12/14/2018 11:00,163.22,163.81,162.75,163.37,41.80342,-132.5138,6206300
12/14/2018 12:00,163.37,163.78,162.06,162.2,36.67511,-149.8563,6922300
12/14/2018 13:00,162.2,162.9,162.08,162.39,38.00518,-138.3591,5897000
12/14/2018 14:00,162.39,162.77,161.66,161.88,35.82979,-128.5892,5235100
12/14/2018 15:00,161.88,162.18,160.94,161.49,34.21685,-129.2715,7635600
12/14/2018 16:00,161.5,161.86,160.7,160.92,31.95281,-123.4274,11734700
12/17/2018 10:00,160.41,160.55,158.64,159.42,26.90726,-169.8937,10069900
12/17/2018 11:00,159.41,160.88,159.23,160.59,35.46699,-119.0311,8166700
12/17/2018 12:00,160.6,161.41,160.51,161.35,40.35341,-69.94829,6700100
12/17/2018 13:00,161.35,161.67,159.55,159.56,33.85192,-94.21165,6352000
12/17/2018 14:00,159.56,159.86,158.28,158.38,30.37743,-136.9648,8918000
12/17/2018 15:00,158.38,158.56,157.61,157.87,28.99234,-149.6974,10580400
12/17/2018 16:00,157.85,157.96,156.17,157.52,28.04724,-155.5138,19813500
12/18/2018 10:00,158.69,159.27,158.25,159.11,37.94419,-71.91048,7526500
12/18/2018 11:00,159.12,159.29,158.32,158.9,37.21606,-64.41769,9440300
12/18/2018 12:00,158.9,159.17,158.04,158.6,36.14895,-64.55222,6895700
12/18/2018 13:00,158.6,159.95,158.57,159.79,43.11665,-14.74279,8087200
12/18/2018 14:00,159.8,159.86,158.64,158.85,39.45414,-24.67542,4389600
12/18/2018 15:00,158.86,159.53,157.49,157.52,34.93267,-79.23892,7832000
12/18/2018 16:00,157.51,159.38,157.04,158.44,40.05057,-64.3295,14300500
12/19/2018 10:00,158.24,160.24,157.93,159.92,47.23996,29.49859,5250000
12/19/2018 11:00,159.93,160.42,159.77,160.14,48.23377,96.68873,5907700
12/19/2018 12:00,160.14,160.18,159.22,160.05,47.83681,91.39481,4689900
12/19/2018 13:00,160.05,160.35,159.6,159.62,45.89334,103.7046,4176500
12/19/2018 14:00,159.61,160.45,159,160.42,49.96603,94.87308,4644000
12/19/2018 15:00,160.34,160.72,155.12,155.69,33.77737,-154.9626,20428700
12/19/2018 16:00,155.69,155.7,153.34,154.78,31.6526,-283.0803,28836600
12/20/2018 10:00,154.18,155.3,153.79,155.13,33.38822,-187.7463,11765800
12/20/2018 11:00,155.14,155.87,154.12,154.49,31.79813,-137.8693,11419600
12/20/2018 12:00,154.49,154.53,151.26,152.27,26.9955,-161.1546,18942800
12/20/2018 13:00,152.27,153.32,151.54,152.88,30.1187,-129.339,11882600
12/20/2018 14:00,152.88,152.94,151.63,151.79,27.82776,-114.2391,7466800
12/20/2018 15:00,151.8,153.75,150.39,152.88,33.29213,-91.32241,15594100
12/20/2018 16:00,152.88,153.66,151.74,152.29,31.88488,-75.02357,17456400
12/21/2018 10:00,152.96,153.76,152.2,152.59,33.42582,-61.49813,14159100
12/21/2018 11:00,152.59,154.09,151.49,152.29,32.63084,-62.1715,22952200
12/21/2018 12:00,152.29,152.31,150.34,150.48,28.26336,-97.79579,14111700
12/21/2018 13:00,150.48,150.54,148.24,149.37,25.9679,-142.1694,25420700
12/21/2018 14:00,149.37,150.33,149.04,149.43,26.31625,-145.9031,13505700
12/21/2018 15:00,149.43,149.82,148.54,149.05,25.49793,-146.5365,12566500
12/21/2018 16:00,149.05,149.21,146.72,147.57,22.556,-155.8408,27211500
12/24/2018 10:00,146.11,147.2,144.21,144.97,18.51454,-187.2673,11833400
12/24/2018 11:00,144.97,147.98,144.25,146.99,29.13771,-126.35,13502700
12/24/2018 12:00,147,147.37,144.92,145.16,25.84983,-119.6991,8528100
12/24/2018 13:00,145.16,145.7,143.53,143.58,23.39525,-137.1613,15730200
12/26/2018 10:00,145.08,146.95,145.08,145.47,31.74449,-80.45406,12179100
12/26/2018 11:00,145.47,145.95,144.09,144.24,29.49172,-92.23273,13170000
12/26/2018 12:00,144.28,147.36,144.13,147.33,40.84849,-46.16683,11750900
12/26/2018 13:00,147.33,149.16,147.17,148.94,45.75142,25.23854,12694600
12/26/2018 14:00,148.94,149.58,147.78,149.54,47.49792,58.21796,10184900
12/26/2018 15:00,149.54,149.71,148.58,149.66,47.85951,80.96584,10479000
12/26/2018 16:00,149.64,152.48,149.34,152.47,55.57462,145.4886,22596200
12/27/2018 10:00,150.58,151.3,149.33,149.95,48.62576,97.14628,9358900
12/27/2018 11:00,149.95,150.51,148.35,148.99,46.25314,64.34682,12540800
12/27/2018 12:00,148.97,150.22,148.56,149.44,47.54517,61.11893,9463200
12/27/2018 13:00,149.44,149.49,148.19,148.92,46.16413,36.86662,7342400
12/27/2018 14:00,148.91,149.13,147.29,147.64,42.86364,3.745299,8491600
12/27/2018 15:00,147.63,149.43,147.08,149.41,48.36153,21.19396,9971300
12/27/2018 16:00,149.41,153.17,148.74,153.15,57.63727,142.4233,21242900
12/28/2018 10:00,154,154.28,152.68,153.83,59.07665,195.5476,10961800
12/28/2018 11:00,153.82,153.95,151.72,152.46,55.02058,127.4682,10929800
12/28/2018 12:00,152.46,153.75,152.12,153.5,57.41105,118.8292,6758800
12/28/2018 13:00,153.51,154.04,153.16,153.4,57.09681,110.1009,8295300
12/28/2018 14:00,153.4,153.86,152.7,153.59,57.57196,88.52926,6520200
12/28/2018 15:00,153.6,155.59,153.6,155.44,61.98648,121.1518,9573800
12/28/2018 16:00,155.45,155.57,152.48,153.05,54.14815,70.28064,19447500
12/31/2018 10:00,154.4,154.98,153.84,154.23,57.03677,79.98914,5297700
12/31/2018 11:00,154.24,154.58,153.05,153.26,54.02379,50.9831,6572600
12/31/2018 12:00,153.27,153.8,152.71,153.74,55.28266,38.54185,9583800
12/31/2018 13:00,153.75,154.31,153.43,154.12,56.30268,55.88012,6721400
12/31/2018 14:00,154.13,154.64,153.7,153.76,55.02216,59.83299,3709700
12/31/2018 15:00,153.76,154.05,153.06,153.61,54.46634,4.525166,5021200
12/31/2018 16:00,153.6,154.26,153.01,154.26,56.51631,26.81673,10991200
1/2/2019 10:00,151,152.43,150.88,152.26,49.17953,-235.3298,8672500
1/2/2019 11:00,152.24,154.02,151.76,153.77,54.03158,-62.16405,9615500
1/2/2019 12:00,153.77,154.8,153.57,153.7,53.77524,53.41185,8554400
1/2/2019 13:00,153.7,155.02,153.57,154.89,57.46897,103.3675,5671000
1/2/2019 14:00,154.88,155.75,154.88,155.71,59.84982,182.8893,5072400
1/2/2019 15:00,155.71,155.73,154.77,154.86,56.32974,138.3917,4213500
1/2/2019 16:00,154.86,155.1,153.86,154.88,56.39474,69.96627,10296500
1/3/2019 10:00,152.63,153.26,151.65,152.01,45.85044,-142.5019,9999600
1/3/2019 11:00,152.01,152.01,150,151,42.81648,-189.9901,13956600
1/3/2019 12:00,151.02,152.75,150.9,152.03,46.6906,-103.1568,10605800
1/3/2019 13:00,152.04,152.28,151.17,151.86,46.13504,-90.99571,5423200
1/3/2019 14:00,151.86,151.86,150.24,150.41,41.58949,-117.1683,7169800
1/3/2019 15:00,150.39,151.51,150.05,150.22,41.01917,-106.4558,8425300
1/3/2019 16:00,150.23,150.76,149.49,149.7,39.42568,-113.5115,14859700
1/4/2019 10:00,152.29,153.41,151.74,153.33,53.11739,4.628494,9193500
1/4/2019 11:00,153.47,155.21,152.67,155.2,58.34127,64.51353,12465600
1/4/2019 12:00,155.19,155.91,154.99,155.62,59.43454,100.3235,9567100
1/4/2019 13:00,155.61,156.49,155.35,156.28,61.15955,108.7099,6719300
1/4/2019 14:00,156.29,157,156.19,156.44,61.58603,118.2943,9173200
1/4/2019 15:00,156.44,156.81,155.87,155.89,59.18052,99.07185,7200300
1/4/2019 16:00,155.89,156.46,155.7,156.39,60.68395,89.50983,12894200
