Timestamp,Open,High,Low,Close,Rsi,Cci,Volume
1/3/2019 14:45,151.25,151.51,150.63,150.64,,,1929900
1/3/2019 15:00,150.64,150.71,150.05,150.22,,,2848300
1/3/2019 15:15,150.23,150.38,149.74,149.75,,,2794500
1/3/2019 15:30,149.76,150.37,149.74,150.13,,,2241600
1/3/2019 15:45,150.13,150.76,149.93,150.05,,,3791100
1/3/2019 16:00,150.05,150.32,149.49,149.7,,,6032500
1/4/2019 9:45,152.29,153.01,151.74,152.88,,,6426200
1/4/2019 10:00,152.88,153.41,152.69,153.33,,,2767300
1/4/2019 10:15,153.47,153.59,153.09,153.1,,,2044300
1/4/2019 10:30,153.1,154.75,152.67,154.75,,,4641000
1/4/2019 10:45,154.74,154.99,154.4,154.48,,,3840800
1/4/2019 11:00,154.49,155.21,154.47,155.2,,,1939500
1/4/2019 11:15,155.19,155.74,154.99,155.48,,,2517500
1/4/2019 11:30,155.48,155.64,155.1,155.39,,99.96925,2512500
1/4/2019 11:45,155.37,155.56,155.08,155.4,,86.26014,2528400
1/4/2019 12:00,155.4,155.91,155.4,155.62,78.29542,86.83631,2008700
1/4/2019 12:15,155.61,155.87,155.35,155.79,78.73776,78.46746,1470200
1/4/2019 12:30,155.79,156.24,155.74,156.02,79.35094,84.44382,2189800
1/4/2019 12:45,156,156.32,155.89,156.25,79.9729,86.40572,1622700
1/4/2019 13:00,156.25,156.49,156.13,156.28,80.05727,96.23545,1436600
1/4/2019 13:15,156.29,156.8,156.29,156.69,81.22172,112.4914,1980500
1/4/2019 13:30,156.7,156.76,156.52,156.72,81.30772,115.1998,1590200
1/4/2019 13:45,156.72,157,156.3,156.31,76.17307,95.44328,3195800
1/4/2019 14:00,156.32,156.65,156.19,156.44,76.67603,72.06784,2406700
1/4/2019 14:15,156.44,156.49,156.05,156.39,76.01142,49.47612,2064900
1/4/2019 14:30,156.38,156.77,156.24,156.67,77.20303,76.58456,1223800
1/4/2019 14:45,156.67,156.81,156.54,156.61,76.32809,83.1961,753300
1/4/2019 15:00,156.62,156.63,155.87,155.89,66.57711,-16.68043,3158300
1/4/2019 15:15,155.89,156.35,155.83,156.25,68.72826,-31.51073,1996400
1/4/2019 15:30,156.25,156.46,155.7,155.81,63.36063,-84.54878,2326100
1/4/2019 15:45,155.81,156.16,155.7,156.11,65.34779,-100.1974,2227300
1/4/2019 16:00,156.11,156.43,156.06,156.39,67.13914,-15.21265,6344400
1/7/2019 9:45,156.57,156.91,156.16,156.74,69.27717,75.14637,5555400
1/7/2019 10:00,156.74,157.04,156.11,156.64,67.91744,63.65657,2602700
1/7/2019 10:15,156.64,156.98,156.26,156.37,64.25079,46.98299,1953500
1/7/2019 10:30,156.37,156.96,156.2,156.85,67.59969,89.05191,3639700
1/7/2019 10:45,156.84,157.53,156.84,157.25,70.11225,202.8853,2301000
1/7/2019 11:00,157.25,157.59,157.14,157.44,71.25265,189.8565,3248000
1/7/2019 11:15,157.44,157.62,157.29,157.42,70.94572,162.6006,1698000
1/7/2019 11:30,157.43,157.57,157.1,157.21,67.65132,108.1511,1483200
1/7/2019 11:45,157.22,157.95,157.13,157.92,72.32973,129.455,2291800
1/7/2019 12:00,157.92,158.49,157.9,158.45,75.21175,161.3911,2297300
1/7/2019 12:15,158.45,158.53,158.09,158.24,72.01141,133.283,1184500
1/7/2019 12:30,158.23,158.58,158.15,158.48,73.40424,127.241,865000
1/7/2019 12:45,158.48,158.64,158.32,158.51,73.58122,119.4825,644900
1/7/2019 13:00,158.52,158.69,158.36,158.57,73.95462,105.0172,731200
1/7/2019 13:15,158.57,158.86,158.56,158.7,74.7859,103.5294,1093900
1/7/2019 13:30,158.73,158.78,158.47,158.62,73.23665,81.76821,1255000
1/7/2019 13:45,158.61,158.74,158.46,158.68,73.67706,73.11486,810200
1/7/2019 14:00,158.68,158.68,158.08,158.2,64.52848,30.89614,1517600
1/7/2019 14:15,158.2,158.42,157.93,158.13,63.29429,0.1176858,840300
1/7/2019 14:30,158.13,158.29,157.92,157.94,59.94262,-30.18122,943600
1/7/2019 14:45,157.94,158.11,157.76,157.92,59.58487,-68.96111,879300
1/7/2019 15:00,157.92,157.99,157.55,157.64,54.66687,-139.2992,1573500
1/7/2019 15:15,157.64,158.26,157.62,158.22,61.71589,-76.26289,1068100
1/7/2019 15:30,158.22,158.48,158.21,158.36,63.20321,13.33607,1180100
1/7/2019 15:45,158.36,158.41,157.97,158.2,60.31899,-28.58974,2070900
1/7/2019 16:00,158.2,158.41,157.92,158.02,57.15902,-43.19542,4712900
1/8/2019 9:45,159.58,160.11,159.48,159.91,73.09673,276.1451,6454100
1/8/2019 10:00,159.9,159.94,158.87,159.01,61.3855,134.6969,2774900
1/8/2019 10:15,159.01,159.4,158.6,158.69,57.83745,69.86951,2433700
1/8/2019 10:30,158.69,158.74,158.21,158.47,55.46386,7.230137,2306600
1/8/2019 10:45,158.47,158.63,157.81,157.84,49.2329,-47.30484,2568100
1/8/2019 11:00,157.84,157.87,157.2,157.6,47.06386,-115.1682,2595700
1/8/2019 11:15,157.61,158.42,157.54,158.13,52.08444,-43.09925,2535000
1/8/2019 11:30,158.12,158.48,158.05,158.1,51.78506,-18.84588,1270300
1/8/2019 11:45,158.11,158.21,157.73,158.06,51.36105,-51.18633,1462300
1/8/2019 12:00,158.05,158.54,158.04,158.49,55.57165,-4.818428,1210700
1/8/2019 12:15,158.49,158.68,158.39,158.65,57.06104,23.60908,1289800
1/8/2019 12:30,158.65,159.11,158.57,158.94,59.69844,60.88492,1160000
1/8/2019 12:45,158.94,159.06,158.65,158.88,58.89251,50.64705,1182000
1/8/2019 13:00,158.89,158.98,158.25,158.54,54.4097,6.863609,1245700
1/8/2019 13:15,158.54,159.02,158.32,158.93,58.32794,52.71059,1064800
1/8/2019 13:30,158.93,159.08,158.79,158.95,58.52484,95.83425,862500
1/8/2019 13:45,158.96,159.13,158.85,158.87,57.3576,96.12115,729600
1/8/2019 14:00,158.87,159.51,158.66,159.36,62.31518,115.5916,2186200
1/8/2019 14:15,159.35,159.54,159.24,159.54,63.97211,138.9239,891500
1/8/2019 14:30,159.53,159.62,159.14,159.28,59.87677,113.3817,1100600
1/8/2019 14:45,159.28,159.54,159.2,159.51,62.18312,113.9771,727900
1/8/2019 15:00,159.51,159.68,159.32,159.4,60.39502,109.857,1009600
1/8/2019 15:15,159.39,159.49,159.06,159.47,61.16049,72.4678,1007600
1/8/2019 15:30,159.46,159.63,159.37,159.61,62.71254,99.65476,916200
1/8/2019 15:45,159.61,159.74,159.39,159.5,60.66138,90.04475,1736500
1/8/2019 16:00,159.5,159.62,159.35,159.56,61.4029,72.6461,4462600
1/9/2019 9:45,160.18,160.62,159.69,160.31,69.21481,201.7597,5131800
1/9/2019 10:00,160.31,160.76,159.82,160.6,71.60777,215.5622,2961900
1/9/2019 10:15,160.6,160.78,160.07,160.16,63.53807,160.484,2077200
1/9/2019 10:30,160.16,160.74,160.08,160.59,67.40398,136.4104,1714200
1/9/2019 10:45,160.58,160.59,159.63,159.68,54.286,41.03233,1959700
1/9/2019 11:00,159.68,160.16,159.47,160.02,57.60588,19.32907,1679100
1/9/2019 11:15,160.02,160.64,159.9,160.42,61.17777,82.99323,1418200
1/9/2019 11:30,160.43,160.77,160.24,160.64,63.02312,105.2885,1376600
1/9/2019 11:45,160.65,160.68,160.34,160.44,60.22074,82.21415,1269300
1/9/2019 12:00,160.45,161.1,160.38,160.84,63.69753,113.8535,2478200
1/9/2019 12:15,160.84,160.99,160.69,160.88,64.03612,118.2109,693800
1/9/2019 12:30,160.87,161.06,160.83,160.96,64.74422,125.4993,687300
1/9/2019 12:45,160.96,161.22,160.9,160.97,64.83737,128.8356,1102900
1/9/2019 13:00,160.97,161.25,160.93,161.2,66.99815,131.5769,1240600
1/9/2019 13:15,161.2,161.25,160.93,161.1,65.12446,102.5996,866700
1/9/2019 13:30,161.1,161.28,161.04,161.16,65.74352,97.05225,1027800
1/9/2019 13:45,161.16,161.22,161.06,161.17,65.85226,82.85735,490100
1/9/2019 14:00,161.17,161.18,160.78,160.98,61.83384,45.6489,1001000
1/9/2019 14:15,160.98,161.52,160.96,161.21,64.64635,88.37773,1958300
1/9/2019 14:30,161.2,161.23,160.24,160.53,52.36133,-61.29344,2193400
1/9/2019 14:45,160.53,160.9,160.28,160.88,56.9012,-72.20476,964300
1/9/2019 15:00,160.88,161.21,160.86,161,58.36608,29.74788,1219600
1/9/2019 15:15,161,161.29,160.93,161.14,60.07127,59.84923,806100
1/9/2019 15:30,161.14,161.32,161.05,161.11,59.50884,70.8633,1158400
1/9/2019 15:45,161.11,161.16,160.66,160.83,54.39016,-68.14005,1464400
1/9/2019 16:00,160.83,160.86,160.35,160.78,53.50505,-140.6791,3638400
1/10/2019 9:45,159.6,159.72,159.05,159.18,34.28115,-335.3545,3222500
1/10/2019 10:00,159.17,159.29,158.7,159,32.85122,-245.1113,1970300
1/10/2019 10:15,158.99,159.47,158.92,159.28,37.23703,-150.6557,1378900
1/10/2019 10:30,159.28,160.13,159,160.08,47.73978,-74.9518,2139200
1/10/2019 10:45,160.08,160.18,159.89,160.01,46.99861,-37.54994,1610200
1/10/2019 11:00,159.99,160.5,159.86,160.39,51.40854,-10.78273,1066200
1/10/2019 11:15,160.39,160.59,160.23,160.46,52.19764,14.094,805600
1/10/2019 11:30,160.46,160.57,160.06,160.15,48.44576,-1.089947,1012200
1/10/2019 11:45,160.15,160.69,160.15,160.44,51.92686,20.73014,1037200
1/10/2019 12:00,160.44,160.63,160.24,160.59,53.66934,33.98494,763600
1/10/2019 12:15,160.58,160.8,160.28,160.4,51.14061,42.91597,964700
1/10/2019 12:30,160.4,160.66,160.34,160.59,53.50007,57.32824,621300
1/10/2019 12:45,160.59,160.68,160.42,160.54,52.77774,65.4343,617000
1/10/2019 13:00,160.54,161.14,160.52,160.89,57.13988,105.6017,1596500
1/10/2019 13:15,160.89,160.93,160.08,160.12,46.87999,31.83113,1618000
1/10/2019 13:30,160.12,160.3,159.89,160.28,48.93197,-27.00225,1266200
1/10/2019 13:45,160.27,160.34,159.61,159.76,43.10426,-122.6708,1235100
1/10/2019 14:00,159.77,160.25,159.76,160.2,48.67447,-91.56275,1288200
1/10/2019 14:15,160.18,160.86,160.18,160.72,54.3612,74.11163,1316900
1/10/2019 14:30,160.72,161.12,160.69,160.76,54.77621,147.0363,1274700
1/10/2019 14:45,160.77,160.93,160.58,160.87,55.96237,104.4412,893600
1/10/2019 15:00,160.87,160.91,160.47,160.77,54.56145,72.34854,1538800
1/10/2019 15:15,160.77,160.99,160.67,160.96,56.77571,102.8499,856100
1/10/2019 15:30,160.96,161.12,160.84,161.06,57.93739,117.065,659700
1/10/2019 15:45,161.06,161.36,160.88,161.3,60.6697,131.0614,1409200
1/10/2019 16:00,161.3,161.37,161.12,161.23,59.45647,119.7033,3802900
1/11/2019 9:45,160.34,160.47,159.9,159.97,42.84858,-93.95656,3060400
1/11/2019 10:00,159.98,160.26,159.79,160.19,45.7006,-84.09541,1692500
1/11/2019 10:15,160.19,160.62,160.18,160.45,48.94326,-26.81029,1297400
1/11/2019 10:30,160.44,160.53,159.86,159.86,42.71012,-82.53169,966700
1/11/2019 10:45,159.88,160.46,159.8,160.37,48.78218,-69.01443,1279800
1/11/2019 11:00,160.37,160.58,160.07,160.51,50.33823,-43.56297,839000
1/11/2019 11:15,160.51,160.6,159.99,160.09,45.83894,-64.8528,936100
1/11/2019 11:30,160.08,160.3,160.02,160.12,46.20876,-69.29704,669600
1/11/2019 11:45,160.12,160.39,160.06,160.37,49.31485,-41.14175,691800
1/11/2019 12:00,160.37,160.55,160.34,160.46,50.42482,-5.393802,880400
1/11/2019 12:15,160.46,160.66,160.37,160.49,50.81144,12.11543,724800
1/11/2019 12:30,160.49,160.65,160.43,160.6,52.28099,35.64546,947600
1/11/2019 12:45,160.6,160.84,160.57,160.75,54.28653,98.87353,691500
1/11/2019 13:00,160.75,160.76,160.6,160.69,53.32118,121.2347,474100
1/11/2019 13:15,160.69,160.72,160.19,160.24,46.62442,6.793312,1173700
1/11/2019 13:30,160.24,160.32,160.04,160.23,46.48457,-74.7431,699900
1/11/2019 13:45,160.23,160.37,160.13,160.34,48.31918,-34.79992,398300
1/11/2019 14:00,160.34,160.34,160.15,160.22,46.44854,-61.21859,663600
1/11/2019 14:15,160.22,160.56,160.09,160.48,50.88532,-5.206942,620000
1/11/2019 14:30,160.48,160.55,160.38,160.52,51.55053,39.99499,702200
1/11/2019 14:45,160.52,160.61,160.46,160.6,52.92356,62.58423,515700
1/11/2019 15:00,160.59,160.62,160.36,160.42,49.52281,13.34567,675900
1/11/2019 15:15,160.42,160.72,160.4,160.61,52.95884,62.4372,717200
1/11/2019 15:30,160.62,160.63,160.43,160.45,49.87962,20.04886,864800
1/11/2019 15:45,160.46,160.82,160.44,160.75,55.14569,96.44595,995100
1/11/2019 16:00,160.76,160.86,160.67,160.76,55.31414,123.2551,2421200
1/14/2019 9:45,159.32,159.35,158.59,159.06,32.77084,-362.0244,3614100
1/14/2019 10:00,159.06,159.22,158.77,158.85,31.08554,-232.9059,1468200
1/14/2019 10:15,158.85,159.27,158.72,159.18,36.60299,-148.0405,1524400
1/14/2019 10:30,159.18,159.53,159.05,159.36,39.45083,-89.58282,1445100
1/14/2019 10:45,159.35,159.75,159.28,159.74,45.06141,-48.83994,1153200
1/14/2019 11:00,159.74,159.91,159.47,159.77,45.49081,-30.30359,1164800
1/14/2019 11:15,159.77,159.87,159.47,159.63,43.77137,-31.32495,994700
1/14/2019 11:30,159.62,159.73,159.35,159.55,42.77636,-37.37324,867900
1/14/2019 11:45,159.55,159.93,159.44,159.86,47.73425,-9.855215,806100
1/14/2019 12:00,159.86,159.88,159.48,159.64,44.76971,-13.6837,844500
1/14/2019 12:15,159.65,159.74,159.48,159.73,46.24055,-8.307281,439700
1/14/2019 12:30,159.73,159.91,159.67,159.74,46.41149,23.66794,660700
1/14/2019 12:45,159.74,159.77,159.56,159.77,46.95586,27.45006,546900
1/14/2019 13:00,159.77,159.83,159.66,159.69,45.62479,60.33602,1266900
1/14/2019 13:15,159.68,159.81,159.53,159.79,47.62325,52.35437,466300
1/14/2019 13:30,159.79,159.87,159.71,159.74,46.6992,76.65967,442800
1/14/2019 13:45,159.74,159.92,159.74,159.87,49.44619,130.8444,324400
1/14/2019 14:00,159.87,159.96,159.7,159.73,46.65722,97.50111,547800
1/14/2019 14:15,159.71,159.77,159.48,159.6,44.16625,-102.6574,583400
1/14/2019 14:30,159.6,159.62,159.36,159.45,41.41814,-186.3803,1102500
1/14/2019 14:45,159.45,159.63,159.44,159.61,45.32585,-97.9084,463900
1/14/2019 15:00,159.61,159.82,159.58,159.76,48.77543,20.95295,554900
1/14/2019 15:15,159.77,159.83,159.61,159.65,46.46032,2.903526,864900
1/14/2019 15:30,159.66,159.88,159.61,159.7,47.6761,30.35714,1942100
1/14/2019 15:45,159.69,159.77,159.48,159.5,43.42828,-95.65131,903600
1/14/2019 16:00,159.5,159.55,159.12,159.3,39.62612,-211.368,3328800
1/15/2019 9:45,159.96,161.32,159.91,161.28,68.77377,398.8036,4086200
1/15/2019 10:00,161.28,161.66,161.19,161.56,70.91241,290.7751,2225800
1/15/2019 10:15,161.57,162.15,161.57,161.72,72.08882,206.0215,3737400
1/15/2019 10:30,161.72,161.76,161.29,161.47,67.49559,125.8827,1641200
1/15/2019 10:45,161.5,161.76,161.24,161.63,68.86301,102.0437,1772300
1/15/2019 11:00,161.63,161.76,161.41,161.66,69.12526,88.42445,1138500
1/15/2019 11:15,161.66,161.77,161.39,161.52,66.31799,72.50277,1206200
1/15/2019 11:30,161.52,161.64,161.39,161.56,66.73362,61.67877,720000
1/15/2019 11:45,161.56,162.05,161.49,161.92,70.28777,74.54073,1187500
1/15/2019 12:00,161.92,162.31,161.84,162.26,73.19997,89.19548,1082300
1/15/2019 12:15,162.26,162.53,162.26,162.41,74.39252,104.3798,1350800
1/15/2019 12:30,162.41,162.6,162.34,162.38,73.68637,109.2402,791400
1/15/2019 12:45,162.38,162.42,162.22,162.34,72.69527,100.9,872000
1/15/2019 13:00,162.33,162.42,162.16,162.26,70.649,85.87445,597700
1/15/2019 13:15,162.26,162.39,162.22,162.26,68.57036,73.49133,588300
1/15/2019 13:30,162.25,162.41,162.19,162.35,69.65224,67.40591,374700
1/15/2019 13:45,162.35,162.5,162.33,162.45,70.85255,76.84819,427100
1/15/2019 14:00,162.45,162.46,162.26,162.35,67.95795,57.17271,790700
1/15/2019 14:15,162.34,162.54,162.2,162.24,64.82057,45.88693,982900
1/15/2019 14:30,162.23,162.24,161.45,161.5,48.57421,-99.50204,1436400
1/15/2019 14:45,161.49,161.66,161.16,161.58,50.0323,-156.7106,1811800
1/15/2019 15:00,161.57,161.92,161.49,161.89,55.31881,-97.7673,879200
1/15/2019 15:15,161.89,162.26,161.82,162.17,59.48795,-23.77086,1153300
1/15/2019 15:30,162.16,162.22,161.99,162.12,58.43925,-15.54988,854100
1/15/2019 15:45,162.13,162.34,162.06,162.28,60.81944,21.25625,1451200
1/15/2019 16:00,162.28,162.48,162.23,162.43,62.96093,67.84301,4280600
1/16/2019 9:45,162.64,163.28,162.55,163.21,71.64141,207.4626,2677500
1/16/2019 10:00,163.21,163.78,163.21,163.43,73.52585,239.7128,2394900
1/16/2019 10:15,163.44,163.66,163.31,163.52,74.27899,178.7685,1669000
1/16/2019 10:30,163.52,163.53,163.06,163.1,64.9888,106.8177,1425500
1/16/2019 10:45,163.11,163.22,162.37,162.52,54.79638,31.8631,1597600
1/16/2019 11:00,162.52,162.83,162.39,162.69,56.92858,20.41779,1138800
1/16/2019 11:15,162.7,162.96,162.29,162.95,60.03353,28.50442,1559100
1/16/2019 11:30,162.95,163.14,162.84,163.03,60.96599,53.98488,1113800
1/16/2019 11:45,163.03,163.24,162.88,163.01,60.58535,51.55262,703900
1/16/2019 12:00,163.01,163.05,162.37,162.53,52.16885,-21.26597,1214500
1/16/2019 12:15,162.52,162.76,162.48,162.63,53.61469,-35.95683,598100
1/16/2019 12:30,162.62,162.72,162.3,162.59,52.92543,-63.48997,1050000
1/16/2019 12:45,162.59,162.68,162.35,162.63,53.56826,-69.25044,645000
1/16/2019 13:00,162.63,162.9,162.54,162.78,55.99445,-35.86948,526800
1/16/2019 13:15,162.78,162.78,162.57,162.62,52.82358,-49.79522,469500
1/16/2019 13:30,162.62,162.75,162.53,162.57,51.83597,-55.10569,712700
1/16/2019 13:45,162.57,162.66,162.53,162.56,51.62782,-66.71178,365000
1/16/2019 14:00,162.56,162.76,162.5,162.63,53.0479,-39.26669,631100
1/16/2019 14:15,162.63,162.79,162.63,162.72,54.88163,11.66375,437100
1/16/2019 14:30,162.72,162.92,162.72,162.85,57.4659,69.82105,665900
1/16/2019 14:45,162.85,163.04,162.81,162.94,59.20776,103.6386,672800
1/16/2019 15:00,162.94,162.98,162.68,162.7,52.97697,46.47432,933500
1/16/2019 15:15,162.71,162.92,162.66,162.74,53.84886,61.80093,1026700
1/16/2019 15:30,162.74,162.94,162.7,162.85,56.25074,86.30248,1790200
1/16/2019 15:45,162.84,162.85,162.38,162.52,48.15406,-73.74783,1692800
1/16/2019 16:00,162.52,162.64,162.3,162.35,44.59317,-156.4116,3035400
1/17/2019 9:45,161.87,162.21,161.57,162.14,40.59909,-293.4791,3006500
1/17/2019 10:00,162.15,162.78,162.11,162.65,51.87256,-50.63324,1288800
1/17/2019 10:15,162.65,162.69,162.35,162.61,51.05428,-31.00594,1110100
1/17/2019 10:30,162.6,162.83,162.24,162.58,50.41189,-28.18755,1239800
1/17/2019 10:45,162.58,162.58,162.28,162.45,47.61575,-65.58342,619800
1/17/2019 11:00,162.45,162.64,162.31,162.57,50.35329,-34.73215,604300
1/17/2019 11:15,162.57,162.79,162.56,162.67,52.57698,28.54401,1141400
1/17/2019 11:30,162.69,162.86,162.57,162.72,53.69395,50.59304,589400
1/17/2019 11:45,162.72,162.86,162.66,162.77,54.83946,80.00056,603600
1/17/2019 12:00,162.77,162.86,162.52,162.65,51.5438,48.51381,515800
1/17/2019 12:15,162.66,162.82,162.56,162.72,53.30664,63.74979,658900
1/17/2019 12:30,162.72,162.78,162.56,162.7,52.71647,64.23522,381100
1/17/2019 12:45,162.7,162.81,162.66,162.67,51.79048,71.42158,334000
1/17/2019 13:00,162.68,162.71,162.45,162.5,46.77615,-9.419635,750300
1/17/2019 13:15,162.5,162.71,162.5,162.64,50.98495,-0.9282873,354100
1/17/2019 13:30,162.65,162.9,162.64,162.79,55.08316,107.6919,861800
1/17/2019 13:45,162.79,162.86,162.58,162.62,49.98238,33.01187,403700
1/17/2019 14:00,162.63,162.72,162.54,162.72,52.7541,5.300139,561700
1/17/2019 14:15,162.72,162.79,162.66,162.7,52.13178,54.71305,341600
1/17/2019 14:30,162.71,162.77,162.58,162.63,49.91318,-42.57048,730100
1/17/2019 14:45,162.63,163.7,162.52,163.7,70.5482,410.3928,3725000
1/17/2019 15:00,163.69,164.36,163.05,163.31,60.72765,281.3091,4716600
1/17/2019 15:15,163.32,163.43,162.91,163.12,56.5943,98.92365,2033200
1/17/2019 15:30,163.12,163.47,163.03,163.47,61.75796,112.767,1683000
1/17/2019 15:45,163.45,163.68,163.37,163.44,61.08719,119.577,1946900
1/17/2019 16:00,163.44,163.64,163.25,163.63,63.77115,99.19196,5240900
1/18/2019 9:45,164.86,164.99,164.15,164.23,70.65444,205.0614,5373300
1/18/2019 10:00,164.22,164.47,163.91,164.16,69.00732,135.971,3405700
1/18/2019 10:15,164.16,164.27,163.82,164.2,69.44563,107.339,1715900
1/18/2019 10:30,164.21,164.87,164.2,164.47,72.29441,135.3679,5163300
1/18/2019 10:45,164.47,165.1,164.44,165.01,76.9276,142.7937,1901400
1/18/2019 11:00,165.01,165.27,164.91,165.25,78.63755,139.8542,1797500
1/18/2019 11:15,165.25,165.76,165.19,165.44,79.90711,142.9485,3092300
1/18/2019 11:30,165.43,165.75,165.32,165.69,81.46774,133.6948,1630100
1/18/2019 11:45,165.69,165.74,165.47,165.58,78.57583,112.9264,1682200
1/18/2019 12:00,165.58,165.67,165.38,165.67,79.22557,95.66692,1288900
1/18/2019 12:15,165.68,165.88,165.55,165.83,80.36568,96.25896,1977800
1/18/2019 12:30,165.82,165.96,165.7,165.89,80.79137,93.46858,1656500
1/18/2019 12:45,165.9,166.02,165.79,165.91,80.93975,88.5069,1741100
1/18/2019 13:00,165.91,165.91,165.69,165.86,79.29094,73.22736,625300
1/18/2019 13:15,165.86,165.93,165.55,165.65,72.6017,53.69136,1676400
1/18/2019 13:30,165.66,165.74,165.4,165.48,67.62804,24.44657,655200
1/18/2019 13:45,165.49,165.56,165.29,165.4,65.35883,-14.7292,1716500
1/18/2019 14:00,165.4,165.5,165.3,165.48,66.56695,-38.69321,416700
1/18/2019 14:15,165.48,165.49,165.19,165.31,61.64704,-100.0445,651200
1/18/2019 14:30,165.31,165.4,164.93,164.97,53.18119,-187.4515,1304100
1/18/2019 14:45,164.97,165.01,164.61,164.74,48.34462,-218.8266,1687400
1/18/2019 15:00,164.73,165.07,164.7,165.01,53.67112,-136.1627,989100
1/18/2019 15:15,165.02,165.1,164.82,165.04,54.23579,-100.6919,2174400
1/18/2019 15:30,165.04,165.09,164.84,164.94,51.96241,-89.63078,1465000
1/18/2019 15:45,164.94,165.16,164.83,165.13,55.7574,-62.16559,2453700
1/18/2019 16:00,165.14,165.29,164.71,165.25,58.01336,-44.70587,5502400
1/22/2019 9:45,164.06,164.14,163.63,163.82,35.06606,-249.4518,3927700
1/22/2019 10:00,163.82,163.83,163.3,163.69,33.75868,-231.2553,2063200
1/22/2019 10:15,163.68,163.68,163.1,163.22,29.47954,-188.4788,2303900
1/22/2019 10:30,163.22,163.63,163.12,163.35,32.04541,-135.0443,1376400
1/22/2019 10:45,163.37,163.65,163.22,163.33,31.85336,-103.9651,1043400
1/22/2019 11:00,163.33,163.6,163.18,163.27,31.24846,-89.8594,901700
1/22/2019 11:15,163.27,163.38,163.02,163.21,30.62221,-87.73861,1247200
1/22/2019 11:30,163.21,163.48,163.21,163.28,32.3261,-67.88096,1786900
1/22/2019 11:45,163.28,163.44,162.8,162.92,28.45513,-82.11575,1577000
1/22/2019 12:00,162.92,162.99,162.48,162.52,24.88891,-108.0329,2059900
1/22/2019 12:15,162.51,162.83,162.33,162.59,26.62189,-110.5228,1890100
1/22/2019 12:30,162.59,162.75,162.44,162.52,25.97646,-110.6562,703200
1/22/2019 12:45,162.51,162.73,162.41,162.69,30.39076,-103.9993,758500
1/22/2019 13:00,162.69,162.74,162.48,162.48,28.15692,-97.1736,344100
1/22/2019 13:15,162.48,162.48,161.75,161.85,22.75377,-156.3004,2611100
1/22/2019 13:30,161.85,162.01,161.58,161.87,23.25697,-154.9819,3533100
1/22/2019 13:45,161.87,162.02,161.79,161.85,23.09495,-123.9594,1103500
1/22/2019 14:00,161.83,162.15,161.81,162.04,28.21382,-97.01189,1816300
1/22/2019 14:15,162.03,162.1,161.73,161.73,25.25947,-102.9806,1193400
1/22/2019 14:30,161.74,161.92,161.42,161.45,22.92449,-115.754,1186500
1/22/2019 14:45,161.44,161.62,161.13,161.18,20.91657,-131.1044,3070000
1/22/2019 15:00,161.18,161.32,160.95,161.21,21.73719,-135.2179,2015000
1/22/2019 15:15,161.21,161.23,160.76,160.99,20.09148,-143.056,2352500
1/22/2019 15:30,160.99,161.49,160.96,161.44,31.51308,-87.12224,1404500
1/22/2019 15:45,161.44,162.02,160.94,161.57,34.42903,-46.1354,3184600
1/22/2019 16:00,161.57,162.07,161.04,162.06,44.09102,-2.923558,6084000
1/23/2019 9:45,162.77,163.24,162.7,162.98,56.92507,203.6125,3196900
1/23/2019 10:00,162.97,163.49,162.96,163.25,59.83885,213.6854,1293900
1/23/2019 10:15,163.24,163.51,162.99,163.05,56.77527,157.8306,1209000
1/23/2019 10:30,163.04,163.15,162.49,162.59,50.38562,84.34123,1449200
1/23/2019 10:45,162.59,162.8,162.21,162.23,46.02052,42.4576,1349400
1/23/2019 11:00,162.23,162.27,161.89,162.06,44.07856,6.99233,1458700
1/23/2019 11:15,162.06,162.27,161.88,162.11,44.81619,6.703165,1063500
1/23/2019 11:30,162.12,162.22,161.34,161.58,38.95148,-32.79041,1519300
1/23/2019 11:45,161.59,161.79,161.39,161.43,37.4574,-54.1542,891500
1/23/2019 12:00,161.42,161.5,160.64,160.85,32.29889,-108.3416,2841500
1/23/2019 12:15,160.85,160.97,160.44,160.69,31.02932,-132.7798,2168700
1/23/2019 12:30,160.69,160.91,160.32,160.84,33.66177,-121.4272,1843500
1/23/2019 12:45,160.84,161.07,160.77,161.05,37.27174,-86.95523,789200
1/23/2019 13:00,161.05,161.36,161.05,161.28,41.05493,-57.10539,1133200
1/23/2019 13:15,161.3,161.31,160.82,161.12,39.28008,-61.11716,864000
1/23/2019 13:30,161.13,161.59,161.13,161.35,43.08895,-28.25919,1752800
1/23/2019 13:45,161.35,161.67,161.34,161.54,46.0967,1.225889,894200
1/23/2019 14:00,161.55,161.67,161.38,161.48,45.2828,14.52249,923300
1/23/2019 14:15,161.5,161.91,161.48,161.68,48.54425,58.92212,776900
1/23/2019 14:30,161.68,161.75,161.31,161.68,51.64799,49.57445,839300
1/23/2019 14:45,161.69,161.74,161.27,161.27,45.57859,32.22611,1743800
1/23/2019 15:00,161.27,161.48,161.07,161.37,47.20802,12.57091,956400
1/23/2019 15:15,161.37,161.71,161.32,161.53,49.79824,66.24977,946700
1/23/2019 15:30,161.53,162.1,161.53,162.05,57.15564,138.078,1071300
1/23/2019 15:45,162.07,162.1,161.87,161.95,55.47187,143.6532,788900
1/23/2019 16:00,161.96,162.19,161.77,162.15,58.12846,148.1938,2180700
1/24/2019 9:45,162.67,163,162.34,162.7,64.41588,230.3813,3281800
1/24/2019 10:00,162.71,163.22,162.52,162.68,64.03923,185.2939,1649100
1/24/2019 10:15,162.67,163.14,162.45,163.14,68.58778,157.8742,5476000
1/24/2019 10:30,163.15,163.44,163.1,163.32,70.17744,162.3142,1641900
1/24/2019 10:45,163.32,163.4,162.84,162.84,61.27282,102.9188,985300
1/24/2019 11:00,162.84,162.96,162.36,162.56,56.74938,48.24434,1813300
1/24/2019 11:15,162.56,162.82,162.11,162.24,52.02265,16.66033,1321800
1/24/2019 11:30,162.23,162.57,162.06,162.48,55.04678,8.425627,906500
1/24/2019 11:45,162.48,162.97,162.37,162.88,59.61592,48.51717,1164800
1/24/2019 12:00,162.89,163.23,162.86,163.17,62.585,88.43228,917800
1/24/2019 12:15,163.17,163.18,162.76,162.87,57.84679,58.78931,388200
1/24/2019 12:30,162.87,163.06,162.85,162.88,57.96115,50.55142,285500
1/24/2019 12:45,162.88,163.01,162.62,162.69,54.91563,4.445422,531100
1/24/2019 13:00,162.69,162.74,162.4,162.56,52.86867,-75.12654,402400
1/24/2019 13:15,162.55,162.64,162.11,162.24,48.11472,-128.6021,1143500
1/24/2019 13:30,162.24,162.44,162.08,162.35,49.78627,-113.2852,645300
1/24/2019 13:45,162.34,162.6,162.22,162.24,48.11687,-82.35207,659900
1/24/2019 14:00,162.24,162.65,162.23,162.58,53.32624,-41.62809,461300
1/24/2019 14:15,162.58,162.85,162.4,162.68,54.76473,10.92013,660200
1/24/2019 14:30,162.68,162.78,162.55,162.72,55.3576,21.87859,685900
1/24/2019 14:45,162.71,162.95,162.56,162.84,57.17068,45.85339,759700
1/24/2019 15:00,162.83,162.9,162.7,162.85,57.32638,49.08991,589700
1/24/2019 15:15,162.85,163.15,162.77,163.08,60.84819,96.8634,748500
1/24/2019 15:30,163.08,163.19,163,163.03,59.69473,120.7214,414000
1/24/2019 15:45,163.03,163.05,162.89,163,58.97246,89.0106,617300
1/24/2019 16:00,163,163.33,162.98,163.18,61.94742,130.6562,2030200
1/25/2019 9:45,164.47,164.54,163.95,164.13,73.05362,275.1582,2694900
1/25/2019 10:00,164.13,164.68,164.06,164.65,77.00901,221.105,1958200
1/25/2019 10:15,164.66,165.04,164.62,164.97,79.04736,194.5355,1597100
1/25/2019 10:30,164.98,165,164.65,164.88,76.98031,138.9847,879500
1/25/2019 10:45,164.88,165.16,164.68,165.14,78.71219,118.4721,1484000
1/25/2019 11:00,165.14,165.21,164.98,165.08,77.26752,103.0833,917200
1/25/2019 11:15,165.08,165.34,164.99,165.08,75.76987,90.53304,744000
1/25/2019 11:30,165.08,165.11,164.86,164.95,72.49114,69.37925,673500
1/25/2019 11:45,164.94,165.32,164.94,165.28,75.40098,76.6822,761800
1/25/2019 12:00,165.29,165.47,165.22,165.45,76.7645,84.74568,1194500
1/25/2019 12:15,165.45,165.47,165.16,165.25,71.72727,71.89399,1014700
1/25/2019 12:30,165.24,165.56,165.22,165.46,73.68029,80.76464,921400
1/25/2019 12:45,165.46,165.65,165.34,165.4,72.14656,91.98579,1158300
1/25/2019 13:00,165.4,165.41,164.96,165.27,68.8056,43.8737,1576400
1/25/2019 13:15,165.27,165.4,165.07,165.19,66.75667,36.15009,1181700
1/25/2019 13:30,165.18,165.45,165.09,165.37,68.9938,56.22366,1126900
1/25/2019 13:45,165.38,165.44,165.22,165.42,69.60573,71.80192,698700
1/25/2019 14:00,165.42,165.51,165.4,165.45,69.98841,102.984,794800
1/25/2019 14:15,165.46,165.56,165.32,165.45,70.38989,87.67252,1796100
1/25/2019 14:30,165.46,165.58,164.87,164.99,57.65372,-76.84831,1302300
1/25/2019 14:45,164.98,165.32,164.93,165.24,61.70883,-69.88284,1061400
1/25/2019 15:00,165.26,165.36,165.09,165.2,60.70693,-58.62085,817400
1/25/2019 15:15,165.2,165.25,165.04,165.16,59.66412,-100,603700
1/25/2019 15:30,165.16,165.32,165.04,165.1,58.05301,-83.93484,721200
1/25/2019 15:45,165.1,165.27,164.84,165.16,59.23836,-103.8089,1849100
1/25/2019 16:00,165.16,165.27,164.99,165.25,61.01783,-51.39281,4516400
1/28/2019 9:45,163.02,163.11,162.25,162.51,25.09616,-466.6696,4422800
1/28/2019 10:00,162.51,162.62,161.86,162.35,24.2003,-250.251,2441600
1/28/2019 10:15,162.34,162.58,161.99,162.23,23.52199,-164.0405,1866200
1/28/2019 10:30,162.23,162.86,162.19,162.81,33.25833,-106.5125,1195000
1/28/2019 10:45,162.81,162.91,162.46,162.84,33.72828,-80.9325,794300
1/28/2019 11:00,162.85,162.9,162.34,162.38,30.21507,-76.2833,956800
1/28/2019 11:15,162.35,162.79,162.15,162.73,35.7028,-64.66983,1384700
1/28/2019 11:30,162.75,162.76,162.45,162.59,34.53298,-54.58136,577400
1/28/2019 11:45,162.59,162.77,162.18,162.21,31.51469,-58.72523,681500
1/28/2019 12:00,162.2,162.28,161.88,161.93,29.47057,-73.12475,1718300
1/28/2019 12:15,161.92,162.15,161.75,162.05,31.52068,-74.23334,723300
1/28/2019 12:30,162.05,162.44,162.05,162.38,36.94804,-50.81049,716600
1/28/2019 12:45,162.39,162.51,162.22,162.35,36.66357,-41.38429,925300
1/28/2019 13:00,162.35,162.51,162.13,162.18,35.01806,-43.98597,480100
1/28/2019 13:15,162.18,162.45,162.06,162.39,38.67913,-28.26776,551500
1/28/2019 13:30,162.4,162.67,162.33,162.49,40.40113,41.4024,1074900
1/28/2019 13:45,162.48,162.77,162.48,162.65,43.15149,79.68735,503100
1/28/2019 14:00,162.65,162.94,162.65,162.72,44.36144,118.6584,635700
1/28/2019 14:15,162.73,162.84,162.5,162.6,42.68448,81.08545,605300
1/28/2019 14:30,162.6,162.71,162.44,162.57,42.25443,53.43317,420500
1/28/2019 14:45,162.56,162.75,162.55,162.67,44.2699,77.31872,375200
1/28/2019 15:00,162.67,163.1,162.67,162.91,48.88178,135.9617,958200
1/28/2019 15:15,162.91,163.05,162.73,163.01,50.7118,121.7155,639900
1/28/2019 15:30,163.02,163.1,162.85,162.92,49.01111,115.5731,617500
1/28/2019 15:45,162.92,163.01,162.84,162.84,47.48655,90.66684,1408900
1/28/2019 16:00,162.83,163.12,162.66,163.09,52.46287,96.49047,3032600
1/29/2019 9:45,163.2,163.24,162.49,162.55,42.98721,23.14286,2096400
1/29/2019 10:00,162.54,163.02,162.45,162.72,46.27693,0.6219547,1042300
1/29/2019 10:15,162.72,163.11,162.33,162.37,41.02787,-75.20092,1158300
1/29/2019 10:30,162.37,162.64,162.25,162.63,45.93401,-125.7298,1015900
1/29/2019 10:45,162.66,162.73,162,162.14,39.29862,-188.2476,734300
1/29/2019 11:00,162.15,162.2,160.99,161.21,30.34048,-315.3121,2823700
1/29/2019 11:15,161.22,161.51,161.05,161.47,34.81414,-218.6731,1391300
1/29/2019 11:30,161.47,161.57,161.28,161.42,34.35714,-145.9304,1080300
1/29/2019 11:45,161.42,161.69,161.39,161.68,38.8518,-97.67442,803400
1/29/2019 12:00,161.68,161.7,161.5,161.54,37.36807,-81.78027,593800
1/29/2019 12:15,161.54,161.86,161.42,161.83,42.2851,-56.58456,621600
1/29/2019 12:30,161.83,162.07,161.76,161.89,43.27724,-26.38069,930500
1/29/2019 12:45,161.89,161.9,161.71,161.83,42.49062,-30.74562,667300
1/29/2019 13:00,161.83,162.02,161.74,161.84,42.67754,-15.86252,697600
1/29/2019 13:15,161.84,161.86,161.61,161.61,39.49627,-36.43855,488500
1/29/2019 13:30,161.61,161.83,161.59,161.81,43.44417,-18.15293,359400
1/29/2019 13:45,161.82,161.98,161.66,161.92,45.54867,24.10291,458000
1/29/2019 14:00,161.91,162.03,161.87,161.97,46.52282,80.16642,573800
1/29/2019 14:15,161.97,161.97,161.82,161.84,44.30358,73.71285,514600
1/29/2019 14:30,161.85,161.86,161.55,161.61,40.61258,-19.64369,773300
1/29/2019 14:45,161.62,161.73,161.48,161.52,39.23515,-81.64957,1304900
1/29/2019 15:00,161.52,161.57,161.26,161.29,35.88523,-181.2969,1040500
1/29/2019 15:15,161.29,161.5,161.2,161.42,39.05268,-155.4127,723600
1/29/2019 15:30,161.43,161.58,161.42,161.54,41.9055,-86.46899,1196400
1/29/2019 15:45,161.54,161.7,161.5,161.61,43.5652,-41.52616,1739900
1/29/2019 16:00,161.62,161.67,161.25,161.51,41.7311,-81.7543,3544400
1/30/2019 9:45,163.4,163.91,163.3,163.52,69.51277,387.121,3251900
1/30/2019 10:00,163.52,163.69,163.19,163.29,65.6551,216.0395,1304900
1/30/2019 10:15,163.27,163.33,162.89,163.2,64.15489,129.3721,1282900
1/30/2019 10:30,163.19,163.46,162.97,163.38,65.8364,109.6084,693000
1/30/2019 10:45,163.38,163.54,163.24,163.51,67.03886,99.00139,666900
1/30/2019 11:00,163.51,163.54,163.16,163.26,62.48383,75.16708,549400
1/30/2019 11:15,163.28,163.67,163.26,163.56,65.51215,75.39541,1054200
1/30/2019 11:30,163.56,163.67,163.44,163.45,63.48851,67.40514,379400
1/30/2019 11:45,163.45,163.63,163.31,163.63,65.37347,60.52974,690900
1/30/2019 12:00,163.63,163.81,163.57,163.81,67.19707,71.01031,449000
1/30/2019 12:15,163.81,164.06,163.78,164.05,69.50343,90.60559,784900
1/30/2019 12:30,164.05,164.51,164.01,164.29,71.64989,131.1879,2004300
1/30/2019 12:45,164.3,164.35,164.09,164.2,69.66959,132.5755,677200
1/30/2019 13:00,164.2,164.32,164.13,164.28,70.45142,127.5234,356500
1/30/2019 13:15,164.28,164.39,164.22,164.3,70.65511,111.659,278200
1/30/2019 13:30,164.31,164.34,164.09,164.19,67.88394,78.9557,435800
1/30/2019 13:45,164.19,164.26,164.11,164.14,66.60512,61.94225,289800
1/30/2019 14:00,164.15,164.25,164.03,164.12,66.06888,47.48185,734600
1/30/2019 14:15,164.12,165.44,163.97,165.42,78.29722,178.2833,4436500
1/30/2019 14:30,165.43,165.7,165.2,165.47,78.61643,236.799,3122900
1/30/2019 14:45,165.47,165.73,165.3,165.58,79.33648,189.9318,2286600
1/30/2019 15:00,165.58,166.28,165.53,166.24,83.02899,177.7538,2065900
1/30/2019 15:15,166.25,166.25,165.52,165.71,71.91544,121.0272,2260400
1/30/2019 15:30,165.71,165.9,165.63,165.71,62.85503,93.22725,1269000
1/30/2019 15:45,165.71,165.78,165.4,165.5,59.64827,64.33885,1841000
1/30/2019 16:00,165.5,165.83,165.45,165.81,62.6754,67.1742,5310700
1/31/2019 9:45,166.65,166.91,166.47,166.75,70.01984,140.0001,3538100
1/31/2019 10:00,166.76,167.41,166.72,167.32,73.43359,158.2091,1968800
1/31/2019 10:15,167.33,167.63,167.21,167.62,75.04416,164.1983,1343400
1/31/2019 10:30,167.62,168.04,167.51,167.87,76.33191,155.5169,1746700
1/31/2019 10:45,167.88,168.24,167.83,168.24,78.13058,140.284,1314300
1/31/2019 11:00,168.24,168.25,167.74,167.91,72.8156,107.9192,1267000
1/31/2019 11:15,167.9,168.2,167.85,168.05,73.63502,96.24869,844400
1/31/2019 11:30,168.06,168.15,167.91,168.07,73.75674,83.59214,725200
1/31/2019 11:45,168.07,168.44,167.94,168.41,75.80166,87.00526,1134600
1/31/2019 12:00,168.4,168.96,168.39,168.82,78.02537,105.3816,1241700
1/31/2019 12:15,168.82,168.99,168.54,168.68,75.47464,96.92302,1334100
1/31/2019 12:30,168.67,168.72,168.46,168.5,72.20672,78.02459,825100
1/31/2019 12:45,168.5,168.67,168.15,168.17,66.51991,54.38643,777000
1/31/2019 13:00,168.17,168.43,168.17,168.35,68.00037,47.29974,929200
1/31/2019 13:15,168.35,168.59,168.26,168.5,69.22166,60.26349,656000
1/31/2019 13:30,168.5,168.57,168.04,168.12,62.69339,6.109959,1246400
1/31/2019 13:45,168.11,168.16,167.9,168.1,62.36023,-61.41596,937300
1/31/2019 14:00,168.09,168.38,167.95,168.38,65.15365,-18.0829,747600
1/31/2019 14:15,168.38,168.49,168.22,168.27,63.17018,7.428942,743900
1/31/2019 14:30,168.27,168.32,168.01,168.14,60.81384,-62.83449,985900
1/31/2019 14:45,168.14,168.19,167.96,168.09,59.88853,-95.27584,736300
1/31/2019 15:00,168.09,168.27,168.03,168.16,60.7881,-72.16015,701900
1/31/2019 15:15,168.17,168.17,167.54,167.55,50.21959,-182.489,1487800
1/31/2019 15:30,167.54,167.89,167.51,167.81,53.89858,-161.2869,988800
1/31/2019 15:45,167.81,168.03,167.74,167.77,53.24669,-109.0665,1536700
1/31/2019 16:00,167.77,168.35,167.71,168.16,58.5158,-20.11657,3980900
2/1/2019 9:45,167.35,168.25,167.24,168.07,56.92159,-89.36615,3758100
2/1/2019 10:00,168.07,168.25,167.35,167.39,46.59246,-129.8782,1878000
2/1/2019 10:15,167.39,168.47,167.38,168.34,58.04627,17.49559,2105500
2/1/2019 10:30,168.32,168.6,168.24,168.42,58.84668,140.5738,1724600
2/1/2019 10:45,168.42,168.55,168.17,168.31,57.22992,97.68602,1298900
2/1/2019 11:00,168.3,168.39,167.79,167.8,50.32632,-13.72619,688500
2/1/2019 11:15,167.8,168.19,167.6,168.18,54.71006,-7.244547,1034100
2/1/2019 11:30,168.18,168.24,167.9,168.04,52.85918,22.91516,652200
2/1/2019 11:45,168.04,168.37,167.98,168.34,56.27303,80.84669,922600
2/1/2019 12:00,168.35,168.46,168.11,168.38,56.72314,102.1225,459200
2/1/2019 12:15,168.39,168.39,168.14,168.18,53.7447,65.21556,475700
2/1/2019 12:30,168.18,168.23,167.77,167.91,49.93322,-42.2336,1792500
2/1/2019 12:45,167.92,167.97,167.62,167.77,48.03107,-111.5372,773400
2/1/2019 13:00,167.77,167.91,167.69,167.78,48.18283,-91.93962,700600
2/1/2019 13:15,167.78,167.9,167.7,167.75,47.73228,-91.28869,779500
2/1/2019 13:30,167.75,167.82,167.4,167.62,45.73631,-146.3133,1092500
2/1/2019 13:45,167.62,167.73,167.44,167.46,43.33476,-137.228,561000
2/1/2019 14:00,167.46,167.58,167.24,167.57,45.45543,-134.8118,555800
2/1/2019 14:15,167.57,167.59,167.19,167.32,41.64119,-135.6526,699000
2/1/2019 14:30,167.32,167.38,167.07,167.23,40.32903,-142.0172,1335100
2/1/2019 14:45,167.23,167.4,167.19,167.32,42.2875,-104.0035,524200
2/1/2019 15:00,167.32,167.35,167.02,167.11,39.06591,-113.413,678500
2/1/2019 15:15,167.1,167.19,166.99,167.14,39.77176,-110.1923,733300
2/1/2019 15:30,167.14,167.3,167.08,167.28,43.08524,-77.20579,1369700
2/1/2019 15:45,167.28,167.48,167.26,167.43,46.48239,-26.26992,1053900
2/1/2019 16:00,167.43,167.48,167.25,167.45,46.93728,-15.9154,2506800
