Timestamp,Open,High,Low,Close,Rsi,Cci,Volume
7/18/2018 14:00,180.03,180.16,179.85,180.05,,,2155100
7/18/2018 15:00,180.05,180.22,179.89,180.01,,,2431800
7/18/2018 16:00,180,180.13,179.9,179.93,,,3450700
7/19/2018 10:00,179.28,179.88,178.9,179.16,,,3698400
7/19/2018 11:00,179.15,179.42,178.92,179.31,,,6969900
7/19/2018 12:00,179.31,179.76,179.31,179.59,,,2040000
7/19/2018 13:00,179.59,179.64,178.84,179.11,,,2788200
7/19/2018 14:00,179.11,179.64,178.86,179.5,,,3087500
7/19/2018 15:00,179.51,179.66,179.06,179.22,,,2279300
7/19/2018 16:00,179.23,179.28,178.82,179.08,,,7067000
7/20/2018 10:00,179.62,179.74,179.32,179.63,,,5179000
7/20/2018 11:00,179.63,180.17,179.41,179.98,,,4033600
7/20/2018 12:00,179.98,180.13,179.61,179.67,,,3823000
7/20/2018 13:00,179.66,179.68,179.17,179.41,,-30.14065,3887100
7/20/2018 14:00,179.41,179.54,179.13,179.35,,-41.29427,3907600
7/20/2018 15:00,179.35,179.46,178.81,179.08,39.00219,-92.88474,3181300
7/20/2018 16:00,179.08,179.12,178.79,178.99,38.16346,-132.3196,7033200
7/23/2018 10:00,178.46,178.76,177.74,178.27,32.19788,-252.8825,4575500
7/23/2018 11:00,178.27,178.92,178.23,178.78,39.42128,-126.0014,3669100
7/23/2018 12:00,178.78,179.18,178.55,179.13,43.84306,-52.23002,2193300
7/23/2018 13:00,179.14,179.37,178.99,179.22,44.95562,-1.653128,2404900
7/23/2018 14:00,179.23,179.42,179.02,179.28,45.72758,9.774481,1443000
7/23/2018 15:00,179.29,179.55,179.27,179.48,48.32895,48.14559,1545300
7/23/2018 16:00,179.47,179.64,179.37,179.56,49.37428,58.58765,3256800
7/24/2018 10:00,181.41,181.99,181.34,181.53,67.05099,311.1677,4517700
7/24/2018 11:00,181.52,182.05,181.44,181.46,66.16702,219.2955,3679400
7/24/2018 12:00,181.45,181.54,180.42,180.72,57.53112,112.7903,5147900
7/24/2018 13:00,180.72,180.9,179.92,180.09,51.38254,51.86489,5437900
7/24/2018 14:00,180.09,180.3,179.56,180.02,50.73382,20.67695,6200000
7/24/2018 15:00,180.03,180.21,179.62,180.15,51.94723,18.62555,3704000
7/24/2018 16:00,180.15,180.35,179.86,180.28,53.189,26.22001,4743500
7/25/2018 10:00,180.38,181,180.29,180.79,57.79646,60.41171,3259400
7/25/2018 11:00,180.79,180.9,180.32,180.56,55.15968,42.22728,3265900
7/25/2018 12:00,180.57,181.26,180.45,181.24,60.84711,68.78526,4467200
7/25/2018 13:00,181.25,181.69,181.14,181.62,63.62368,102.0306,3238300
7/25/2018 14:00,181.61,181.75,181.36,181.69,64.1284,100.5714,2218800
7/25/2018 15:00,181.69,182.05,181.67,181.87,65.45552,111.0437,2792600
7/25/2018 16:00,181.88,182.93,181.72,182.82,71.45766,149.6304,9622800
7/26/2018 10:00,180.34,180.86,179.81,180.21,47.1957,-65.39664,8890000
7/26/2018 11:00,180.2,180.8,180.14,180.6,49.93129,-36.43625,7181400
7/26/2018 12:00,180.61,180.9,180.46,180.87,51.79319,-9.961252,3347300
7/26/2018 13:00,180.87,180.92,180.01,180.14,46.73293,-53.07846,2937600
7/26/2018 14:00,180.14,180.44,180.03,180.27,47.7127,-69.14219,3114400
7/26/2018 15:00,180.27,180.41,180.11,180.12,46.64653,-76.13654,2438300
7/26/2018 16:00,180.12,180.31,179.97,180.17,47.0711,-83.22698,6760700
7/27/2018 10:00,181.19,181.31,179.98,180.02,45.89138,-47.05892,5958300
7/27/2018 11:00,180.02,180.24,179.14,179.45,41.62226,-121.8734,6516000
7/27/2018 12:00,179.43,179.61,179.05,179.08,39.08086,-135.2656,5143300
7/27/2018 13:00,179.07,179.08,177.08,177.08,28.83261,-233.7113,11587000
7/27/2018 14:00,177.08,178,176.6,177.94,36.53892,-192.0339,12553200
7/27/2018 15:00,177.94,178.04,177.05,177.17,33.08455,-149.4072,5332500
7/27/2018 16:00,177.17,177.9,177.17,177.67,37.23408,-112.9075,7769500
7/30/2018 10:00,177.63,177.73,175.34,175.65,29.32282,-146.9836,10493300
7/30/2018 11:00,175.65,176.3,175.48,175.58,29.09216,-133.5514,8962700
7/30/2018 12:00,175.56,175.87,175.15,175.68,29.94002,-119.5476,7383300
7/30/2018 13:00,175.67,175.69,174.27,174.8,26.89241,-125.7082,8654800
7/30/2018 14:00,174.8,175.6,174.5,175.55,33.13908,-102.3841,7663900
7/30/2018 15:00,175.55,175.76,175.17,175.27,32.03846,-82.96759,4760200
7/30/2018 16:00,175.27,175.46,174.92,175.11,31.39675,-80.15041,9362500
7/31/2018 10:00,175.8,176.81,175.56,175.66,36.13229,-34.06928,10531200
7/31/2018 11:00,175.66,176.08,174.82,175.55,35.60296,-54.82447,7427800
7/31/2018 12:00,175.55,176.75,175.53,176.7,44.72053,12.62232,4756000
7/31/2018 13:00,176.7,177.13,176.57,176.68,44.60223,61.33072,4016000
7/31/2018 14:00,176.68,176.81,176.25,176.61,44.16205,51.78679,4939800
7/31/2018 15:00,176.6,176.72,176.28,176.54,43.69752,59.96059,2956600
7/31/2018 16:00,176.54,176.54,175.9,176.17,41.22917,43.77684,7472700
8/1/2018 10:00,176.86,177.26,176.42,177.17,49.52755,122.8996,5819600
8/1/2018 11:00,177.2,177.65,176.89,177.27,50.28358,131.0742,6704400
8/1/2018 12:00,177.28,177.37,176.49,176.64,45.64502,74.11437,6013500
8/1/2018 13:00,176.64,176.93,176.39,176.78,46.81905,53.31303,4028000
8/1/2018 14:00,176.76,176.89,176.53,176.7,46.20488,47.22295,2375800
8/1/2018 15:00,176.7,177.15,176.13,176.88,47.86216,42.2391,5010200
8/1/2018 16:00,176.89,177.25,176.76,177.12,50.07064,90.89915,5517000
8/2/2018 10:00,175.87,176.83,175.79,176.74,46.69777,-34.5461,5865800
8/2/2018 11:00,176.74,177.88,176.74,177.4,52.66226,157.3748,7991900
8/2/2018 12:00,177.4,178.53,177.18,178.28,59.21551,231.4859,6212500
8/2/2018 13:00,178.28,179.02,178.09,178.8,62.51756,231.2389,4901300
8/2/2018 14:00,178.81,179.58,178.81,179.46,66.25227,213.3566,4218800
8/2/2018 15:00,179.46,179.64,179.25,179.4,65.6121,164.7696,3373900
8/2/2018 16:00,179.4,179.74,179.24,179.52,66.3131,130.4001,9998400
8/3/2018 10:00,179.87,179.99,179.08,179.45,65.47462,105.7922,5906100
8/3/2018 11:00,179.45,180.09,179.37,179.53,66.00362,96.47894,5076800
8/3/2018 12:00,179.51,179.82,179.26,179.26,62.52174,71.99763,2440000
8/3/2018 13:00,179.26,179.78,179.26,179.66,65.43121,69.2589,2669500
8/3/2018 14:00,179.66,179.94,179.55,179.91,67.14776,75.30952,2183300
8/3/2018 15:00,179.91,179.94,179.7,179.83,66.01802,70.53374,2079600
8/3/2018 16:00,179.83,180.08,179.79,180.08,67.83898,78.04457,5548200
8/6/2018 10:00,179.96,180.36,179.74,180.29,69.32585,99.68839,4083500
8/6/2018 11:00,180.3,180.6,179.96,180.22,68.19418,130.1574,4015000
8/6/2018 12:00,180.22,180.56,179.99,180.52,70.42284,137.4085,2045800
8/6/2018 13:00,180.53,180.94,180.5,180.94,73.24892,188.3229,2687000
8/6/2018 14:00,180.94,181.18,180.72,180.8,70.81981,160.9558,2944500
8/6/2018 15:00,180.8,181.12,180.75,181.02,72.37042,137.2871,2217800
8/6/2018 16:00,181.02,181.19,180.92,181.14,73.20673,127.0823,3990200
8/7/2018 10:00,181.65,182.14,181.33,181.78,77.175,170.3532,6331200
8/7/2018 11:00,181.77,182.1,181.35,181.45,71.31026,125.7253,5741300
8/7/2018 12:00,181.45,181.72,181.26,181.61,72.40521,98.06649,3130400
8/7/2018 13:00,181.61,182.04,181.57,181.95,74.62169,116.9258,2446200
8/7/2018 14:00,181.96,181.98,181.63,181.96,74.68615,103.4963,2184500
8/7/2018 15:00,181.96,182.06,181.74,181.87,72.89303,93.193,2240800
8/7/2018 16:00,181.88,181.95,181.65,181.76,70.66034,70.19312,3894900
8/8/2018 10:00,181.6,181.74,181.06,181.54,66.28727,21.06774,3457600
8/8/2018 11:00,181.54,182.35,181.41,182.25,72.2551,91.37333,3859000
8/8/2018 12:00,182.25,182.29,181.77,181.79,64.31183,79.01983,2336300
8/8/2018 13:00,181.79,182.07,181.63,181.91,65.38109,57.64612,1848600
8/8/2018 14:00,181.9,182.05,181.81,182.03,66.46305,73.7906,1617300
8/8/2018 15:00,182.04,182.24,181.88,182.09,67.0181,104.2078,2296700
8/8/2018 16:00,182.08,182.28,181.89,182.02,65.65301,105.2272,4533900
8/9/2018 10:00,181.91,182.23,181.64,181.95,64.24347,43.84016,2888400
8/9/2018 11:00,181.95,182.53,181.92,182.26,67.56429,162.3179,2705200
8/9/2018 12:00,182.26,182.44,181.98,182.11,64.44553,122.808,2442300
8/9/2018 13:00,182.11,182.45,182.1,182.42,67.75803,156.4366,1258400
8/9/2018 14:00,182.42,182.63,182.26,182.58,69.34552,174.5434,1230200
8/9/2018 15:00,182.58,182.62,182.34,182.41,65.64719,131.0757,1653800
8/9/2018 16:00,182.4,182.43,181.76,181.91,56.16024,-14.08124,4709900
8/10/2018 10:00,180.68,181.22,180.56,180.58,39.7179,-352.1337,5224300
8/10/2018 11:00,180.58,181.18,180.39,180.79,42.57653,-226.5516,5113700
8/10/2018 12:00,180.8,181.13,180.69,180.94,44.59769,-142.1884,2936500
8/10/2018 13:00,180.94,181.08,180.74,180.95,44.73725,-108.1137,2324200
8/10/2018 14:00,180.95,180.96,180.12,180.21,37.25437,-127.7961,3073600
8/10/2018 15:00,180.2,180.37,179.84,180.09,36.19695,-126.5323,4636600
8/10/2018 16:00,180.09,180.72,179.94,180.5,42.22988,-85.82036,7880000
8/13/2018 10:00,180.88,181.56,180.76,181.52,53.90668,-8.651308,3441600
8/13/2018 11:00,181.52,182.01,181.43,181.69,55.52033,33.36679,3410200
8/13/2018 12:00,181.7,181.77,180.57,180.62,44.87215,-26.6957,3645500
8/13/2018 13:00,180.62,181,180.37,180.59,44.61381,-52.98352,3263000
8/13/2018 14:00,180.56,180.95,180.26,180.74,46.27936,-48.3361,2863400
8/13/2018 15:00,180.74,181.19,180.58,180.66,45.49363,-14.80079,2361600
8/13/2018 16:00,180.66,180.88,180.24,180.35,42.48373,-68.68345,5455700
8/14/2018 10:00,181.01,181.2,180.34,180.55,45.01142,-17.78958,3422500
8/14/2018 11:00,180.56,181.39,180.04,181.25,52.8258,25.53116,3697400
8/14/2018 12:00,181.24,181.57,181.08,181.3,53.33594,104.9725,3162500
8/14/2018 13:00,181.3,181.66,181.26,181.34,53.76658,105.7497,1515000
8/14/2018 14:00,181.34,181.58,181.21,181.55,56.05971,92.99915,1007800
8/14/2018 15:00,181.55,181.6,181.22,181.51,55.49499,79.10574,1630900
8/14/2018 16:00,181.51,181.65,181.39,181.47,54.89965,77.55315,4751800
8/15/2018 10:00,180.01,180.58,179.5,179.51,35.05281,-182.2005,7250200
8/15/2018 11:00,179.51,179.51,178.12,178.32,28.3514,-272.5479,12705900
8/15/2018 12:00,178.31,179.1,178.26,178.3,28.25361,-197.25,9065500
8/15/2018 13:00,178.28,179.22,178.28,179,36.50632,-127.7274,4570600
8/15/2018 14:00,179,179.28,178.64,178.76,35.01898,-97.73613,5601800
8/15/2018 15:00,178.76,178.99,178.36,178.99,37.6411,-86.8964,4109500
8/15/2018 16:00,178.99,179.52,178.92,179.3,41.09126,-50.67745,10371800
8/16/2018 10:00,180.61,180.68,180.07,180.14,49.28011,12.96072,5046400
8/16/2018 11:00,180.14,180.7,180.14,180.31,50.77157,21.06588,2929100
8/16/2018 12:00,180.3,180.87,180.3,180.78,54.7347,42.52575,2988700
8/16/2018 13:00,180.77,180.99,180.52,180.63,53.26105,52.534,2404800
8/16/2018 14:00,180.63,180.76,180.28,180.31,50.15834,42.47184,1600300
8/16/2018 15:00,180.31,180.43,179.77,180.13,48.44874,26.85558,4582000
8/16/2018 16:00,180.14,180.2,179.47,179.82,45.56803,15.7497,5292600
8/17/2018 10:00,179.35,179.73,178.91,179.11,39.73986,-33.50706,4432800
8/17/2018 11:00,179.11,179.24,178.27,178.67,36.61448,-82.38629,5671300
8/17/2018 12:00,178.67,179.78,178.47,179.53,45.61706,-40.82894,4385200
8/17/2018 13:00,179.54,179.56,178.9,178.98,41.5524,-56.10361,3234700
8/17/2018 14:00,178.98,179.38,178.94,179.31,44.73432,-53.80666,2236200
8/17/2018 15:00,179.32,180.31,179.27,180.2,52.27972,14.9267,6726800
8/17/2018 16:00,180.19,180.23,179.79,179.88,49.65477,14.59233,7527600
8/20/2018 10:00,180.26,180.33,179.21,179.3,45.22257,-24.47355,3932000
8/20/2018 11:00,179.3,179.66,179,179.14,44.05433,-59.35604,4314000
8/20/2018 12:00,179.14,179.6,179.02,179.32,45.7522,-45.33905,4146100
8/20/2018 13:00,179.34,179.77,179.24,179.72,49.42519,5.368788,1990100
8/20/2018 14:00,179.72,179.99,179.57,179.99,51.7977,68.84099,2044000
8/20/2018 15:00,179.99,180.1,179.71,179.81,50.10997,80.90527,1812600
8/20/2018 16:00,179.81,179.94,179.66,179.72,49.24603,61.62412,3583000
8/21/2018 10:00,180.24,180.88,180.13,180.8,58.4941,187.2049,2684400
8/21/2018 11:00,180.8,180.93,180.6,180.76,58.07196,180.5526,2816400
8/21/2018 12:00,180.76,181.1,180.4,181.07,60.45355,159.9707,2141600
8/21/2018 13:00,181.07,181.44,181.05,181.34,62.45378,169.6585,2170000
8/21/2018 14:00,181.34,181.37,181.06,181.07,59.22765,120.4589,3364800
8/21/2018 15:00,181.06,181.1,180.32,180.48,52.80786,50.09375,2776300
8/21/2018 16:00,180.48,180.62,180.15,180.34,51.38461,17.79658,6203900
8/22/2018 10:00,179.98,180.59,179.92,180.03,48.28163,-8.366824,3167200
8/22/2018 11:00,180.05,180.9,179.75,180.85,55.87263,21.78379,2948600
8/22/2018 12:00,180.85,181.21,180.79,181.17,58.43637,87.86555,1794600
8/22/2018 13:00,181.17,181.2,180.73,180.82,54.69351,59.58068,1358200
8/22/2018 14:00,180.82,181.06,180.73,180.96,55.91002,52.4123,798700
8/22/2018 15:00,180.95,181.16,180.68,180.97,56.00084,47.83541,3066200
8/22/2018 16:00,180.98,181.27,180.95,181.03,56.57912,73.33195,3206600
8/23/2018 10:00,180.74,181.9,180.74,181.79,63.18042,150.0874,2965500
8/23/2018 11:00,181.79,182.05,181.55,181.56,60.19775,168.6882,3528800
8/23/2018 12:00,181.56,181.65,180.5,180.8,51.53936,8.508519,5486200
8/23/2018 13:00,180.8,181.32,180.79,181.11,54.41922,32.57156,3450800
8/23/2018 14:00,181.11,181.26,180.96,181.16,54.88494,45.67627,4106000
8/23/2018 15:00,181.16,181.42,181.16,181.28,56.04558,72.38818,1190500
8/23/2018 16:00,181.28,181.33,180.65,180.77,50.14139,-25.71681,3793000
8/24/2018 10:00,181.4,181.77,181.36,181.54,57.43261,129.0136,2493200
8/24/2018 11:00,181.55,182.54,181.55,182.35,63.48256,209.5632,4018000
8/24/2018 12:00,182.36,182.62,182.17,182.53,64.68372,192.0393,2945900
8/24/2018 13:00,182.53,182.58,182.38,182.46,63.80483,151.7275,2106800
8/24/2018 14:00,182.45,182.5,182.09,182.32,61.99048,104.6458,2377500
8/24/2018 15:00,182.32,182.56,182.29,182.42,62.80403,99.82503,1395900
8/24/2018 16:00,182.42,182.63,182.33,182.49,63.39478,90.64344,4846600
8/27/2018 10:00,183.4,183.74,183.11,183.68,71.63989,165.9717,3231100
8/27/2018 11:00,183.68,184.25,183.6,184.23,74.49893,171.2094,3804900
8/27/2018 12:00,184.24,184.3,183.88,184.26,74.64905,156.4199,3750000
8/27/2018 13:00,184.24,184.29,184.13,184.24,74.33504,136.0245,1752100
8/27/2018 14:00,184.24,184.24,184.04,184.16,73.01132,103.2214,2543200
8/27/2018 15:00,184.16,184.24,183.98,184.24,73.51916,86.1543,2444600
8/27/2018 16:00,184.24,184.33,184.02,184.3,73.91556,78.27829,6754700
8/28/2018 10:00,184.83,185.02,184.5,184.77,76.84031,105.6693,3476200
8/28/2018 11:00,184.79,184.88,184.35,184.58,73.26394,84.17255,2984400
8/28/2018 12:00,184.58,184.75,184.23,184.3,68.22458,62.88605,2186700
8/28/2018 13:00,184.3,184.72,184.22,184.65,70.91737,67.20744,1283700
8/28/2018 14:00,184.66,184.81,184.49,184.71,71.36548,82.696,2225500
8/28/2018 15:00,184.71,184.82,184.62,184.72,71.44439,93.71019,2554800
8/28/2018 16:00,184.72,184.76,184.31,184.61,69.18458,54.44084,3829800
8/29/2018 10:00,184.93,185.43,184.86,185.31,74.67431,187.1833,3504500
8/29/2018 11:00,185.31,186.16,185.17,186.04,78.89657,249.9841,3511400
8/29/2018 12:00,186.04,186.54,185.96,186.38,80.52517,234.1186,4221900
8/29/2018 13:00,186.38,186.51,186.23,186.49,81.03509,171.7033,3381500
8/29/2018 14:00,186.48,186.49,186.29,186.34,78.03442,128.2377,2298300
8/29/2018 15:00,186.34,186.55,186.34,186.53,79.09054,111.5572,2414000
8/29/2018 16:00,186.53,186.84,186.52,186.74,80.22243,107.3694,6777700
8/30/2018 10:00,186.38,186.67,186.18,186.33,72.0249,70.30552,3155600
8/30/2018 11:00,186.33,187.12,186.32,186.91,75.79324,88.5452,4104600
8/30/2018 12:00,186.91,187.12,186.54,186.84,74.48897,83.59542,4133500
8/30/2018 13:00,186.85,187.41,186.83,187.36,77.57574,105.0705,2307000
8/30/2018 14:00,187.37,187.52,187.22,187.3,76.4267,114.0992,1684700
8/30/2018 15:00,187.3,187.46,186.2,186.21,59.25515,34.89039,5825200
8/30/2018 16:00,186.21,186.41,185.79,186.41,60.98717,-47.53487,5862200
8/31/2018 10:00,186.18,186.91,186.15,186.72,63.57203,4.667732,3230100
8/31/2018 11:00,186.73,187.18,186.69,186.96,65.47907,71.69884,3433700
8/31/2018 12:00,186.95,187.12,186.27,186.34,57.15491,-26.20754,4523400
8/31/2018 13:00,186.34,186.58,186.19,186.54,58.967,-64.35542,3305600
8/31/2018 14:00,186.54,186.59,186.25,186.42,57.39843,-70.51718,1337800
8/31/2018 15:00,186.42,186.44,185.98,186.23,54.9078,-113.3656,2894300
8/31/2018 16:00,186.24,186.73,186.08,186.6,58.66899,-43.65924,7453200
9/4/2018 10:00,186.08,186.29,184.85,185.3,44.59481,-227.2366,4958000
9/4/2018 11:00,185.3,186.4,185.3,186.24,53.3156,-103.2351,6719500
9/4/2018 12:00,186.24,186.32,185.4,185.41,46.37463,-128.8929,2722800
9/4/2018 13:00,185.42,185.61,184.97,185.5,47.17762,-152.1301,4384100
9/4/2018 14:00,185.51,185.76,185.34,185.69,48.91679,-98.10307,2102100
9/4/2018 15:00,185.69,186.02,185.55,185.97,51.45346,-47.17255,1613100
9/4/2018 16:00,185.97,186.06,185.59,185.88,50.58399,-41.8566,3445300
9/5/2018 10:00,185.52,185.55,184.09,184.15,37.4746,-192.8735,3929300
9/5/2018 11:00,184.15,184.38,182.82,183.56,34.21769,-248.7779,10466200
9/5/2018 12:00,183.56,183.62,182.86,183.4,33.37066,-199.8689,5539400
9/5/2018 13:00,183.4,184.27,183.4,183.7,36.5425,-118.7657,4471100
9/5/2018 14:00,183.7,184.23,183.66,183.89,38.53808,-86.92883,3059900
9/5/2018 15:00,183.89,184,183.46,183.57,36.45862,-87.08521,3480200
9/5/2018 16:00,183.56,183.68,183,183.46,35.74459,-92.12141,8031600
9/6/2018 10:00,183.53,183.75,182.49,183.32,34.81019,-90.63323,5342700
9/6/2018 11:00,183.32,183.4,181.03,181.45,25.29748,-146.6508,10029800
9/6/2018 12:00,181.46,181.72,180.73,181.64,27.46637,-162.3916,7525600
9/6/2018 13:00,181.63,181.75,180.9,180.9,24.48471,-150.8086,3863200
9/6/2018 14:00,180.9,181.61,180.58,181.21,28.01049,-130.0032,5211200
9/6/2018 15:00,181.21,181.58,181.03,181.45,30.70763,-95.94422,3835700
9/6/2018 16:00,181.43,182.08,181.43,181.81,34.66215,-58.62162,6064400
9/7/2018 10:00,180.5,182.38,180.44,182.15,38.24662,-55.81549,9725900
9/7/2018 11:00,182.16,182.55,181.95,182.48,41.59575,-7.13517,8336600
9/7/2018 12:00,182.48,182.67,182.05,182.07,38.78166,-6.93557,4455900
9/7/2018 13:00,182.07,182.13,181.07,181.92,37.77468,-42.23888,6661400
9/7/2018 14:00,181.92,181.94,181.25,181.33,34.03189,-52.70342,1976300
9/7/2018 15:00,181.33,181.87,181.32,181.84,39.60264,-27.26922,2706600
9/7/2018 16:00,181.82,181.88,180.9,181.11,35.04124,-74.19362,8098300
9/10/2018 10:00,182.15,182.25,181.18,181.43,38.39106,-2.391414,5000400
9/10/2018 11:00,181.42,181.59,180.72,181.16,36.67268,-96.3336,4846100
9/10/2018 12:00,181.15,181.81,180.92,181.72,42.42866,-23.35837,3534400
9/10/2018 13:00,181.72,181.72,181.21,181.36,39.91685,-43.00862,1658000
9/10/2018 14:00,181.37,181.67,181.24,181.63,42.65872,-31.89553,1414700
9/10/2018 15:00,181.63,181.76,181.5,181.68,43.17574,-0.07486168,1858900
9/10/2018 16:00,181.69,181.88,181.51,181.72,43.61395,19.28359,5194300
9/11/2018 10:00,180.99,182.01,180.52,181.85,45.09561,-50.33371,5662200
9/11/2018 11:00,181.84,182.29,181.64,181.81,44.70627,109.5667,4102000
9/11/2018 12:00,181.81,183.23,181.79,183.22,58.3529,325.635,4135400
9/11/2018 13:00,183.22,183.42,182.87,183.14,57.48599,252.9952,3282500
9/11/2018 14:00,183.14,183.2,182.52,182.82,54.0285,142.5128,3716000
9/11/2018 15:00,182.81,183.25,182.67,183.06,56.15824,123.7143,2133600
9/11/2018 16:00,183.06,183.2,182.92,183.12,56.69833,105.4457,4951100
9/12/2018 10:00,182.85,182.98,182,182.01,45.52459,23.40253,4213900
9/12/2018 11:00,182,182.43,181.01,181.28,39.94872,-60.17056,6776400
9/12/2018 12:00,181.28,182.77,181.2,181.57,42.9388,-34.8273,10308000
9/12/2018 13:00,181.56,182.47,181.53,182.2,48.89207,-16.44227,3979600
9/12/2018 14:00,182.2,182.7,182.07,182.19,48.80508,7.448831,2305400
9/12/2018 15:00,182.19,182.29,181.82,182.05,47.52933,-32.43995,2458100
9/12/2018 16:00,182.05,182.71,182.05,182.61,52.83967,16.30135,4267500
9/13/2018 10:00,183.72,184.8,183.64,184.23,64.14468,207.5784,5557000
9/13/2018 11:00,184.23,184.71,183.68,184.09,62.74487,159.1279,4477100
9/13/2018 12:00,184.09,184.75,183.9,184.69,66.15391,147.7781,3526300
9/13/2018 13:00,184.69,184.88,184.48,184.56,64.77094,133.8857,2730100
9/13/2018 14:00,184.56,184.6,184.22,184.36,62.60273,94.23975,2244600
9/13/2018 15:00,184.37,184.62,184.02,184.46,63.26493,77.46155,3266800
9/13/2018 16:00,184.46,184.53,184.06,184.53,63.74874,66.75011,6484700
9/14/2018 10:00,184.66,184.92,184.21,184.65,64.60931,69.5705,3416100
9/14/2018 11:00,184.65,184.94,184.23,184.68,64.83407,64.16611,3631500
9/14/2018 12:00,184.69,184.75,184.31,184.44,61.47078,51.74771,2727500
9/14/2018 13:00,184.44,184.48,183.37,183.66,52.02461,-8.373597,7031100
9/14/2018 14:00,183.64,184.04,183.26,184,55.25251,-30.71172,3008400
9/14/2018 15:00,184,184.12,183.88,184,58.27577,-30.1077,3852700
9/14/2018 16:00,184,184.27,183.88,183.99,58.15139,-66.25402,5227900
9/17/2018 10:00,183.68,183.81,182.64,182.95,46.92762,-218.6217,4378300
9/17/2018 11:00,182.95,182.97,181.78,181.98,39.30731,-251.7227,6774600
9/17/2018 12:00,181.98,182.51,181.93,182.47,44.2337,-175.226,3550000
9/17/2018 13:00,182.47,182.74,182.32,182.54,44.92142,-118.5932,2650000
9/17/2018 14:00,182.54,182.65,182,182.4,43.75899,-107.0586,3097700
9/17/2018 15:00,182.4,182.55,182.04,182.12,41.44885,-95.6674,2420400
9/17/2018 16:00,182.12,182.2,181.17,181.35,35.8447,-121.6969,7936400
9/18/2018 10:00,181.49,182.9,181.4,182.73,49.12184,-57.79082,6005500
9/18/2018 11:00,182.74,183.31,182.64,183.27,53.20314,6.724614,4903900
9/18/2018 12:00,183.27,183.68,183.09,183.52,55.00274,49.12366,3518000
9/18/2018 13:00,183.53,183.73,182.97,183.11,51.50459,39.9609,3604300
9/18/2018 14:00,183.12,183.33,182.86,183.25,52.61284,34.20801,3032100
9/18/2018 15:00,183.25,183.47,183.07,183.12,51.43731,53.22425,2856100
9/18/2018 16:00,183.12,183.28,182.79,182.82,48.7316,36.73964,6248300
9/19/2018 10:00,182.87,183.3,182.04,182.19,43.55051,-21.68264,4802300
9/19/2018 11:00,182.18,182.48,181.51,181.74,40.25809,-102.1068,8854200
9/19/2018 12:00,181.74,182.66,181.62,182.41,46.717,-55.65226,4122000
9/19/2018 13:00,182.41,182.5,181.84,182.21,45.14789,-56.15801,2351300
9/19/2018 14:00,182.2,182.35,181.92,182.32,46.21786,-51.92759,2894500
9/19/2018 15:00,182.31,182.47,182.2,182.31,46.12968,-36.08484,1720800
9/19/2018 16:00,182.3,182.89,182.3,182.7,50.1226,-6.679895,5812900
9/20/2018 10:00,183.96,184.33,183.52,184.22,61.95772,160.7219,6048700
9/20/2018 11:00,184.22,184.88,184.21,184.34,62.70998,172.8971,6576600
9/20/2018 12:00,184.34,184.91,184.29,184.65,64.6545,156.6109,4490500
9/20/2018 13:00,184.65,184.81,184.36,184.72,65.09714,128.1847,2234800
9/20/2018 14:00,184.72,184.81,184.5,184.73,65.16421,106.7439,2434300
9/20/2018 15:00,184.72,184.78,184.5,184.75,65.30791,87.87921,2450600
9/20/2018 16:00,184.75,184.97,184.61,184.72,64.87571,79.23018,6775600
9/21/2018 10:00,185.22,185.48,184,184.94,66.62035,71.25993,4553100
9/21/2018 11:00,184.94,185.09,184.19,184.33,58.01571,49.1226,8211600
9/21/2018 12:00,184.32,184.78,184.06,184.68,61.11868,41.89838,3636400
9/21/2018 13:00,184.68,184.89,184.37,184.5,58.71529,42.95695,3329900
9/21/2018 14:00,184.49,185.39,184.2,184.37,56.97266,45.17316,1666100
9/21/2018 15:00,184.38,184.38,183.84,183.88,50.84724,-68.25537,4070800
9/21/2018 16:00,183.87,183.92,183.48,183.71,48.88355,-215.7041,8599800
9/24/2018 10:00,182.02,182.83,181.3,182.64,38.74181,-319.2483,7116500
9/24/2018 11:00,182.64,183.05,182.36,182.78,40.48171,-166.9263,7426700
9/24/2018 12:00,182.79,183.56,182.48,183.38,47.37977,-96.54505,4332000
9/24/2018 13:00,183.39,183.51,183.05,183.16,45.30634,-72.41908,3812000
9/24/2018 14:00,183.16,183.76,183.11,183.7,50.97713,-38.52974,2280800
9/24/2018 15:00,183.71,183.8,183.48,183.56,49.54293,-24.16547,2026000
9/24/2018 16:00,183.56,183.96,183.53,183.89,52.90628,-0.127501,4495800
9/25/2018 10:00,183.81,183.99,183.39,183.8,51.89043,1.136707,4132400
9/25/2018 11:00,183.8,183.92,183.21,183.22,45.78847,-25.12357,2998100
9/25/2018 12:00,183.22,184.21,183.18,184.11,54.60904,35.13135,3691800
9/25/2018 13:00,184.11,184.21,183.79,183.9,52.44082,66.45557,2302800
9/25/2018 14:00,183.91,184.11,183.72,184.01,53.48266,78.67415,2932200
9/25/2018 15:00,184.01,184.12,183.94,184.04,53.78002,93.83219,2431400
9/25/2018 16:00,184.04,184.28,183.97,184.13,54.71544,99.11098,4522100
9/26/2018 10:00,184.3,184.78,184.17,184.68,60.03734,162.7025,3517600
9/26/2018 11:00,184.68,185.03,184.37,184.97,62.53744,186.6667,4133800
9/26/2018 12:00,184.96,185.39,184.96,185.24,64.74861,204.4046,2466700
9/26/2018 13:00,185.24,185.25,184.98,185.21,64.29455,149.6293,2289900
9/26/2018 14:00,185.22,185.33,184.98,185.1,62.56204,115.6819,2325700
9/26/2018 15:00,185.1,185.99,185.03,185.42,65.47641,127.117,6545200
9/26/2018 16:00,185.42,185.59,183.9,184.21,49.71631,17.05867,10666400
9/27/2018 10:00,185.02,185.78,184.92,185.63,61.44491,106.4181,4697900
9/27/2018 11:00,185.64,186.29,185.63,186.27,65.36593,150.5935,6116000
9/27/2018 12:00,186.27,186.45,185.94,186.28,65.42506,141.2098,3555400
9/27/2018 13:00,186.27,186.49,186.15,186.4,66.17187,133.6939,3646500
9/27/2018 14:00,186.4,186.41,186.24,186.34,65.4111,114.6292,2505300
9/27/2018 15:00,186.34,186.35,185.92,185.97,60.77106,76.01891,2672200
9/27/2018 16:00,185.97,186.09,185.64,185.81,58.82762,40.80025,6588900
9/28/2018 10:00,185.31,185.68,184.97,185.31,53.11168,-33.48566,3899400
9/28/2018 11:00,185.31,185.93,185.05,185.81,57.55324,-4.511111,3828400
9/28/2018 12:00,185.81,186.28,185.79,185.84,57.81146,43.54392,2959900
9/28/2018 13:00,185.84,186,185.24,185.61,55.04661,-16.21783,2047700
9/28/2018 14:00,185.6,185.86,185.41,185.66,55.5444,-19.51123,1765900
9/28/2018 15:00,185.66,185.69,185.31,185.54,53.99888,-43.58294,3276600
9/28/2018 16:00,185.54,185.82,185.47,185.79,56.70166,-32.7284,8676300
10/1/2018 10:00,186.87,187.46,186.65,187.32,68.7882,224.899,4184000
10/1/2018 11:00,187.33,187.53,187.11,187.3,68.51889,187.0124,3487600
10/1/2018 12:00,187.31,187.31,186.88,187.05,65.08923,123.4284,2337000
10/1/2018 13:00,187.05,187.08,186.42,186.51,58.30094,64.8456,3217100
10/1/2018 14:00,186.51,186.77,186.44,186.62,59.23362,52.79829,3486200
10/1/2018 15:00,186.63,186.63,186,186.36,56.04296,18.29991,3697900
10/1/2018 16:00,186.36,186.42,185.7,186.15,53.53453,-10.98278,5500700
10/2/2018 10:00,186.01,186.45,185.32,186.38,55.86459,-23.45337,4704800
10/2/2018 11:00,186.38,186.79,185.94,186.57,57.74939,18.18183,4009600
10/2/2018 12:00,186.57,187.08,186.42,187.03,61.9823,63.12766,2716800
10/2/2018 13:00,187.03,187.18,186.32,186.46,54.6729,31.30092,2799700
10/2/2018 14:00,186.45,186.74,186.39,186.45,54.55124,4.919976,1469200
10/2/2018 15:00,186.45,186.6,186.03,186.1,50.33367,-57.59163,2202600
10/2/2018 16:00,186.1,186.1,185.33,185.75,46.46479,-156.5792,6537000
10/3/2018 10:00,186.53,186.84,186.28,186.48,54.34665,5.576036,3823400
10/3/2018 11:00,186.5,186.97,186.21,186.31,52.41145,12.20455,4487600
10/3/2018 12:00,186.3,186.67,186,186.66,55.89376,11.76059,4177600
10/3/2018 13:00,186.66,186.78,186.28,186.56,54.66295,44.4006,1999000
10/3/2018 14:00,186.56,186.83,186.42,186.54,54.40487,62.15194,2877000
10/3/2018 15:00,186.54,186.72,185.87,186.11,49.04478,-44.96626,4214400
10/3/2018 16:00,186.11,186.21,185.66,185.95,47.182,-120.6565,6207300
10/4/2018 10:00,185.2,185.32,183.95,184.3,33.18466,-305.0825,6974600
10/4/2018 11:00,184.3,184.3,182.96,183.1,26.92785,-265.4354,11064400
10/4/2018 12:00,183.1,183.56,182.48,182.58,24.75011,-207.845,9115700
10/4/2018 13:00,182.59,182.74,181.8,181.98,22.49002,-174.2185,11373100
10/4/2018 14:00,181.98,182.16,181.27,181.45,20.69253,-149.3846,9569000
10/4/2018 15:00,181.45,182.33,181.06,182.25,29.81147,-111.2438,11716500
10/4/2018 16:00,182.24,182.61,181.77,182.38,31.19598,-82.10255,13467700
10/5/2018 10:00,182.36,182.97,181.47,181.61,27.70957,-77.53645,10054400
10/5/2018 11:00,181.61,182.26,181.05,181.37,26.70766,-82.21315,8309100
10/5/2018 12:00,181.37,181.39,179.35,179.47,20.41467,-121.5176,14134100
10/5/2018 13:00,179.48,179.92,178.8,179.1,19.45341,-137.3445,12072400
10/5/2018 14:00,179.1,179.66,178.43,179.54,24.03429,-131.3112,11118100
10/5/2018 15:00,179.56,180.74,179.37,180.5,32.98927,-83.1526,10247000
10/5/2018 16:00,180.5,180.87,180,180.15,31.52993,-64.9698,11648500
10/8/2018 10:00,179.52,180.27,178.72,180.08,31.23239,-83.8098,7072700
10/8/2018 11:00,180.08,180.64,179.45,179.75,29.8043,-59.05548,6151800
10/8/2018 12:00,179.75,179.76,177.12,178.1,23.91601,-136.0899,13819100
10/8/2018 13:00,178.1,178.25,176.95,177,20.9451,-166.4561,10600800
10/8/2018 14:00,177,178.34,176.93,177.92,28.90021,-126.1147,7545700
10/8/2018 15:00,177.92,179.4,177.88,179.04,37.1869,-58.24286,8299400
10/8/2018 16:00,179.04,179.55,178.92,179.05,37.25729,-25.28224,8953700
10/9/2018 10:00,179.18,180,178.75,179.94,43.33682,15.24492,9510200
10/9/2018 11:00,179.94,181.02,179.27,180.32,45.75373,85.18168,10602700
10/9/2018 12:00,180.33,180.68,179.69,180.48,46.78292,89.26701,6276000
10/9/2018 13:00,180.5,180.69,179.28,179.42,41.20496,40.39102,5082900
10/9/2018 14:00,179.43,179.85,178.93,179.5,41.76927,6.981601,5337100
10/9/2018 15:00,179.5,180.03,179.16,179.91,44.69873,35.24409,3890600
10/9/2018 16:00,179.92,180,179.36,179.63,43.10393,38.08704,5638500
10/10/2018 10:00,178.51,178.62,175.94,176.22,29.36349,-161.7618,14737200
10/10/2018 11:00,176.23,176.79,175.58,176.24,29.50546,-163.0197,16743200
10/10/2018 12:00,176.24,176.38,174.85,175.39,27.02039,-155.2576,12803200
10/10/2018 13:00,175.35,176.14,174.92,175.33,26.8485,-133.9845,10441000
10/10/2018 14:00,175.34,176.34,174.88,175.57,28.79976,-107.1364,9893000
10/10/2018 15:00,175.56,175.67,174.1,174.64,25.9151,-110.419,13389800
10/10/2018 16:00,174.63,174.63,171.5,171.73,19.37551,-146.3421,28741600
10/11/2018 10:00,171.02,173.4,170.07,173.33,29.8564,-131.9741,27890900
10/11/2018 11:00,173.33,173.33,170.64,170.78,24.41007,-130.6108,21314000
10/11/2018 12:00,170.77,172.31,169.47,171.42,27.9619,-127.7456,19968700
10/11/2018 13:00,171.42,172.9,171.27,171.81,30.11682,-88.70724,8601000
10/11/2018 14:00,171.8,172.45,170.84,171.6,29.60333,-84.19675,9291800
10/11/2018 15:00,171.59,171.78,167.81,169.19,24.45085,-120.8876,19986900
10/11/2018 16:00,169.19,171.81,168.84,169.6,26.78553,-97.64986,26647800
10/12/2018 10:00,174.17,174.28,172.94,173.72,45.13384,22.60958,20376600
10/12/2018 11:00,173.7,174.33,172.99,173.55,44.63676,31.84623,17751200
10/12/2018 12:00,173.56,173.91,172.15,172.6,41.86213,11.59599,10328800
10/12/2018 13:00,172.61,172.66,170.93,172.13,40.52015,-24.7297,12500400
10/12/2018 14:00,172.13,172.99,171.77,172.52,42.1766,17.77244,10308600
10/12/2018 15:00,172.51,173.19,171.58,173.03,44.35878,46.2519,9576900
10/12/2018 16:00,173.03,174.86,172.73,174.33,49.58197,129.467,15275400
10/15/2018 10:00,173.71,173.99,172.53,172.7,44.00417,60.01849,11985700
10/15/2018 11:00,172.7,172.87,171.56,172.78,44.33517,13.09896,11361400
10/15/2018 12:00,172.8,173.93,172.49,172.58,43.64069,46.8163,8804400
10/15/2018 13:00,172.59,173.5,172.17,173.2,46.44153,39.18872,6575300
10/15/2018 14:00,173.21,174.04,172.88,173.7,48.65751,72.7838,7665500
10/15/2018 15:00,173.71,173.93,172.63,173.68,48.57093,58.54605,5714000
10/15/2018 16:00,173.68,174.03,172.12,172.13,42.29118,-37.42219,9541900
10/16/2018 10:00,174.02,174.73,173.82,174.73,53.21758,174.5262,12493600
10/16/2018 11:00,174.73,174.94,173.7,174.91,53.8688,153.6676,9723400
10/16/2018 12:00,174.9,175.79,174.65,175.76,56.91845,180.7463,8663300
10/16/2018 13:00,175.76,176.04,175.44,176.01,57.80206,168.9548,5194700
10/16/2018 14:00,176.02,176.6,175.93,176.34,58.99752,156.5048,5963800
10/16/2018 15:00,176.34,176.78,176.27,176.37,59.11092,134.778,5499400
10/16/2018 16:00,176.37,177.65,176.2,177.14,62.01495,130.8492,14581400
10/17/2018 10:00,178.08,178.26,176.49,176.61,58.91343,112.9352,9515600
10/17/2018 11:00,176.61,176.86,175.47,176.01,55.52769,56.94368,12482200
10/17/2018 12:00,176,177.24,175.71,177.09,59.9854,73.9669,11505100
10/17/2018 13:00,177.11,177.55,176.66,177.22,60.49868,88.10862,7091100
10/17/2018 14:00,177.23,177.95,177.08,177.25,60.62419,94.30132,6942500
10/17/2018 15:00,177.27,177.59,176.1,177.38,61.19957,65.96844,8448000
10/17/2018 16:00,177.38,177.5,176.71,177.29,60.53995,72.41958,9770600
10/18/2018 10:00,176.62,176.68,175.64,175.8,50.78263,-42.1545,6315800
10/18/2018 11:00,175.8,176.29,175.24,176.08,52.33725,-83.05379,7541000
10/18/2018 12:00,176.08,176.22,173.19,173.54,39.9954,-231.84,13893600
10/18/2018 13:00,173.53,174.69,173.33,173.94,42.3029,-203.6269,9433200
10/18/2018 14:00,173.93,174.06,172.44,172.96,38.40619,-192.2268,14268200
10/18/2018 15:00,172.95,174.1,172.87,173.58,42.04349,-128.5497,10904200
10/18/2018 16:00,173.57,173.8,172.99,173.18,40.38641,-109.2116,15328000
10/19/2018 10:00,174.58,175.8,174.34,175.41,51.79345,-15.36381,8425200
10/19/2018 11:00,175.41,176.07,175.01,175.37,51.60267,1.637843,12548700
10/19/2018 12:00,175.37,175.66,173.9,174.45,47.28911,-33.04293,9793900
10/19/2018 13:00,174.46,174.6,172.57,173.56,43.50078,-78.04768,13070800
10/19/2018 14:00,173.54,174.1,172.89,173.25,42.23173,-77.25185,8113900
10/19/2018 15:00,173.25,173.59,172.39,173.08,41.51646,-90.44205,10277100
10/19/2018 16:00,173.07,173.74,172.8,173.05,41.38326,-73.07298,12370800
10/22/2018 10:00,174.06,174.58,172.6,172.9,40.6804,-54.74419,7924200
10/22/2018 11:00,172.9,175.25,172.59,174.87,52.16937,35.75214,12036700
10/22/2018 12:00,174.87,175.17,173.77,174.07,48.09566,45.75441,6805300
10/22/2018 13:00,174.09,174.57,173.49,174.26,49.11195,21.01449,5320200
10/22/2018 14:00,174.26,174.68,173.78,173.78,46.62792,12.40275,3370400
10/22/2018 15:00,173.78,174.44,173.71,174.29,49.54778,15.35859,4540100
10/22/2018 16:00,174.27,174.95,173.91,173.91,47.46423,22.08128,9499900
10/23/2018 10:00,170.64,171.4,170.18,170.47,33.66327,-271.5379,13539400
10/23/2018 11:00,170.47,170.58,168.82,169.95,32.14186,-247.995,15402400
10/23/2018 12:00,169.94,171,169.49,169.98,32.33186,-158.2795,9489600
10/23/2018 13:00,169.98,172.26,169.97,171.52,41.40248,-78.52185,9428300
10/23/2018 14:00,171.52,172.56,171.44,171.63,42.00053,-40.73673,7794800
10/23/2018 15:00,171.66,173.88,171.58,173.71,51.98043,14.20877,7977500
10/23/2018 16:00,173.7,174.13,173.08,173.27,50.0197,33.22706,10410400
10/24/2018 10:00,173.07,173.36,171.99,172.36,46.14303,-6.858202,8666600
10/24/2018 11:00,172.37,172.87,171.52,171.56,42.98872,-27.82086,7685100
10/24/2018 12:00,171.56,171.73,169.8,171.5,42.75267,-64.37067,13188900
10/24/2018 13:00,171.49,171.59,170.16,170.72,39.70072,-64.61404,7171100
10/24/2018 14:00,170.72,170.72,168.84,168.99,33.91745,-115.1736,12851500
10/24/2018 15:00,168.99,169.64,168.4,168.71,33.0776,-128.9064,13661000
10/24/2018 16:00,168.71,168.71,165.04,165.32,25.00467,-219.1187,29591400
10/25/2018 10:00,167.91,169.22,167.16,169.08,41.93253,-94.37844,15581500
10/25/2018 11:00,169.08,170.19,168.66,169.48,43.39627,-50.91634,12692700
10/25/2018 12:00,169.46,170.51,168.96,170.07,45.57557,-32.26952,6701300
10/25/2018 13:00,170.07,170.32,169.29,169.9,45.03748,-28.27081,5792600
10/25/2018 14:00,169.9,170.56,169.4,170.36,46.86543,-12.42965,5866200
10/25/2018 15:00,170.36,172.08,170.1,171.64,51.68097,49.26328,8292800
10/25/2018 16:00,171.64,172.01,170.77,170.96,49.13342,64.36557,17867800
10/26/2018 10:00,165.2,167.76,165.2,167,37.53076,-162.3089,20314800
10/26/2018 11:00,167,167,164.23,164.4,32.1608,-179.6596,20393300
10/26/2018 12:00,164.38,167.29,164.25,166.92,40.97585,-110.5027,16640300
10/26/2018 13:00,166.91,169.46,166.88,168.86,46.71604,-11.88449,12875700
10/26/2018 14:00,168.85,169.96,167.27,168.21,45.13232,-5.382259,18621700
10/26/2018 15:00,168.21,168.43,165.87,166.14,40.43147,-68.72868,10003600
10/26/2018 16:00,166.14,167.62,165.54,166.8,42.48833,-77.51704,24138900
