Timestamp,Open,High,Low,Close,Rsi,Cci,Volume
10/22/2018 14:45,173.8,174.2,173.71,173.95,,,809100
10/22/2018 15:00,173.95,174.44,173.93,174.29,,,1690100
10/22/2018 15:15,174.27,174.82,174.14,174.7,,,1672700
10/22/2018 15:30,174.71,174.77,174.38,174.62,,,1113700
10/22/2018 15:45,174.6,174.95,174.33,174.4,,,1667700
10/22/2018 16:00,174.39,174.49,173.91,173.91,,,5045800
10/23/2018 9:45,170.64,171.4,170.18,170.72,,,9499500
10/23/2018 10:00,170.71,171.27,170.36,170.47,,,4039900
10/23/2018 10:15,170.47,170.58,169.03,169.13,,,5540900
10/23/2018 10:30,169.13,169.98,168.82,169.76,,,4766200
10/23/2018 10:45,169.77,169.89,169.29,169.7,,,2828300
10/23/2018 11:00,169.7,170.35,169.49,169.95,,,2455100
10/23/2018 11:15,169.94,170.47,169.49,170.24,,,2769100
10/23/2018 11:30,170.25,171,170.22,170.75,,-40.58433,2889400
10/23/2018 11:45,170.75,170.83,170.24,170.31,,-41.12295,2025000
10/23/2018 12:00,170.31,170.69,169.96,169.98,27.51978,-44.45057,1806100
10/23/2018 12:15,169.98,171.19,169.97,171.19,36.84053,-15.4109,1691300
10/23/2018 12:30,171.18,171.57,170.8,171.47,38.80173,25.85059,2845400
10/23/2018 12:45,171.48,172.26,171.46,172.22,43.83278,109.9952,2967600
10/23/2018 13:00,172.22,172.24,171.51,171.52,40.4873,135.028,1924000
10/23/2018 13:15,171.52,172.56,171.44,172.14,44.52586,136.3011,2350000
10/23/2018 13:30,172.12,172.48,171.88,172.12,44.42112,118.1003,1750500
10/23/2018 13:45,172.12,172.37,171.54,171.57,41.52861,76.56533,2031400
10/23/2018 14:00,171.57,171.97,171.46,171.63,41.9725,55.39844,1662900
10/23/2018 14:15,171.66,172.41,171.58,172.3,46.82713,80.29274,1559300
10/23/2018 14:30,172.3,173.31,172.3,172.98,51.28192,133.1448,2815100
10/23/2018 14:45,172.98,173.6,172.98,173.48,54.31289,162.4301,1630800
10/23/2018 15:00,173.49,173.88,173.18,173.71,55.67893,159.7266,1972300
10/23/2018 15:15,173.7,174,173.44,173.6,54.83451,142.8876,2415500
10/23/2018 15:30,173.6,174.13,173.52,173.7,55.49524,121.1525,2057600
10/23/2018 15:45,173.7,173.93,173.28,173.44,53.31139,84.51734,1845800
10/23/2018 16:00,173.43,173.54,173.08,173.27,51.87397,53.53853,4091500
10/24/2018 9:45,173.07,173.36,172.49,172.7,47.27159,9.170632,5908200
10/24/2018 10:00,172.7,172.91,171.99,172.36,44.72276,-38.87212,2758400
10/24/2018 10:15,172.37,172.87,171.85,172.28,44.11994,-51.68061,2463100
10/24/2018 10:30,172.26,172.49,171.71,171.85,40.92685,-82.63391,2016700
10/24/2018 10:45,171.81,172.25,171.57,171.85,37.96765,-97.07687,1767700
10/24/2018 11:00,171.86,172.05,171.52,171.56,36.07319,-116.4904,1437600
10/24/2018 11:15,171.56,171.73,170.25,170.45,29.91965,-172.8827,3548600
10/24/2018 11:30,170.48,170.78,170.07,170.1,28.28147,-164.8161,2387500
10/24/2018 11:45,170.13,170.49,169.8,170.29,30.50583,-142.2744,2893600
10/24/2018 12:00,170.29,171.73,170.28,171.5,42.69593,-65.8621,4359200
10/24/2018 12:15,171.49,171.59,171,171.25,41.09211,-50.20687,2277800
10/24/2018 12:30,171.25,171.5,170.68,170.89,38.83015,-59.24248,1494800
10/24/2018 12:45,170.88,170.99,170.16,170.36,35.71333,-87.7389,1887900
10/24/2018 13:00,170.35,170.88,170.17,170.72,39.27864,-71.85954,1510600
10/24/2018 13:15,170.72,170.72,169.39,169.68,33.4987,-121.0628,2130000
10/24/2018 13:30,169.68,170.15,169.29,169.51,32.65287,-129.4919,2252400
10/24/2018 13:45,169.52,169.76,169.07,169.64,34.02481,-127.9853,3006100
10/24/2018 14:00,169.62,169.77,168.84,168.99,30.66167,-137.5168,5463000
10/24/2018 14:15,168.99,169.16,168.4,168.72,29.3633,-153.5382,3660000
10/24/2018 14:30,168.71,169.56,168.57,169.46,37.2109,-95.17598,4588400
10/24/2018 14:45,169.46,169.64,168.9,168.92,34.22295,-84.63406,2354900
10/24/2018 15:00,168.93,168.96,168.4,168.71,33.10957,-108.499,3057700
10/24/2018 15:15,168.71,168.71,167.8,168.12,30.14236,-124.8648,4225600
10/24/2018 15:30,168.12,168.42,167.14,167.19,26.16244,-153.9775,4571500
10/24/2018 15:45,167.19,167.46,166.94,167.04,25.57582,-165.7542,6362300
10/24/2018 16:00,167.04,167.04,165.04,165.32,20.03021,-205.9547,14432000
10/25/2018 9:45,167.91,168.36,167.16,168.16,42.28362,-53.77869,8940900
10/25/2018 10:00,168.17,169.22,167.66,169.08,47.39086,9.954063,6640600
10/25/2018 10:15,169.08,170.12,169.07,169.4,49.07867,82.3955,5657800
10/25/2018 10:30,169.4,169.58,168.66,169.57,49.99656,65.33981,2704100
10/25/2018 10:45,169.57,170.19,169.34,169.87,51.65259,104.7758,2470800
10/25/2018 11:00,169.88,170.08,169.44,169.48,49.36372,88.88396,1860000
10/25/2018 11:15,169.46,169.88,168.96,169.44,49.12332,63.94572,2417700
10/25/2018 11:30,169.42,170.39,169.27,170.21,53.78938,95.41753,1849300
10/25/2018 11:45,170.21,170.38,169.72,169.89,51.66853,89.35921,1276100
10/25/2018 12:00,169.88,170.51,169.75,170.07,52.79601,82.80105,1158200
10/25/2018 12:15,170.07,170.19,169.66,169.74,50.47149,59.84783,1382400
10/25/2018 12:30,169.74,169.75,169.29,169.62,49.61595,35.23842,1601200
10/25/2018 12:45,169.58,170.17,169.49,170.03,52.57374,56.55123,1124900
10/25/2018 13:00,170.05,170.32,169.82,169.9,51.54055,74.04532,1684100
10/25/2018 13:15,169.9,170.08,169.42,169.59,49.06449,5.490304,1713900
10/25/2018 13:30,169.59,170.03,169.4,169.96,52.02693,13.8313,1136800
10/25/2018 13:45,169.95,170.5,169.73,170.36,55.0692,130.105,1995000
10/25/2018 14:00,170.35,170.56,170.26,170.36,57.94156,172.4622,1020500
10/25/2018 14:15,170.36,170.95,170.1,170.95,61.81881,196.1183,1222500
10/25/2018 14:30,170.95,171.25,170.67,171.15,63.0619,210.1089,1752600
10/25/2018 14:45,171.15,171.87,171.11,171.74,66.52451,223.5774,2643900
10/25/2018 15:00,171.74,172.08,171.6,171.64,65.40535,177.6578,2673800
10/25/2018 15:15,171.64,171.75,171.45,171.74,66.02097,125.7121,2105600
10/25/2018 15:30,171.75,171.98,171.56,171.78,66.27939,111.1713,2191200
10/25/2018 15:45,171.78,172.01,171.2,171.35,60.91511,74.95195,3299700
10/25/2018 16:00,171.35,171.55,170.77,170.96,56.45236,29.03461,10271300
10/26/2018 9:45,165.2,167.17,165.2,167.15,31.88013,-282.1139,13880600
10/26/2018 10:00,167.16,167.76,166.86,167,31.30247,-175.864,6434200
10/26/2018 10:15,167,167,165,165.61,26.50879,-179.7169,6827300
10/26/2018 10:30,165.61,166.53,165.38,165.56,26.35245,-134.5914,5197400
10/26/2018 10:45,165.58,165.66,164.79,164.81,24.06032,-121.7248,3797200
10/26/2018 11:00,164.81,165.29,164.23,164.4,22.88829,-107.7064,4571400
10/26/2018 11:15,164.38,165.39,164.25,165.14,29.55795,-85.08632,4537600
10/26/2018 11:30,165.14,166.79,165.06,166.53,40.04748,-50.02723,5051900
10/26/2018 11:45,166.54,167.24,166.26,166.31,39.05617,-33.046,3871100
10/26/2018 12:00,166.31,167.29,166.22,166.92,43.25071,-21.6443,3179700
10/26/2018 12:15,166.91,167.77,166.88,167.22,45.24663,2.049514,2573700
10/26/2018 12:30,167.22,167.96,167,167.64,48.0038,28.1354,2684100
10/26/2018 12:45,167.63,168.72,167.43,168.71,54.31548,92.32702,3091600
10/26/2018 13:00,168.7,169.46,168.6,168.86,55.13758,164.8937,4526300
10/26/2018 13:15,168.85,169.96,168.84,169.67,59.38778,154.192,3647300
10/26/2018 13:30,169.66,169.77,168.37,168.42,51.30923,100.6724,4499900
10/26/2018 13:45,168.42,168.44,167.27,168.1,49.4546,46.26962,7469400
10/26/2018 14:00,168.09,168.53,167.64,168.21,50.12204,48.7158,3005100
10/26/2018 14:15,168.21,168.43,166.85,167.06,43.63489,5.194234,2219100
10/26/2018 14:30,167.05,167.95,166.9,167.62,47.21738,-5.482377,2694200
10/26/2018 14:45,167.6,167.95,167.14,167.3,45.44012,-25.29355,1952000
10/26/2018 15:00,167.31,167.39,165.87,166.14,39.61839,-120.3518,3138300
10/26/2018 15:15,166.14,166.38,165.54,165.79,38.03497,-158.3721,4690100
10/26/2018 15:30,165.79,167.02,165.74,166.49,42.94629,-107.7585,3974600
10/26/2018 15:45,166.49,166.95,165.83,165.91,40.10962,-108.232,5118000
10/26/2018 16:00,165.91,167.62,165.91,166.8,46.00341,-58.14777,10356200
10/29/2018 9:45,169.21,169.54,168.41,168.69,55.92323,89.73119,7561000
10/29/2018 10:00,168.69,169.16,168.36,168.93,57.00339,87.24086,2286800
10/29/2018 10:15,168.92,169.86,168.92,169.16,58.06412,125.474,3727600
10/29/2018 10:30,169.18,169.65,169.11,169.11,57.73068,116.9979,2432300
10/29/2018 10:45,169.13,169.3,168.44,168.56,54.05379,71.34203,2404500
10/29/2018 11:00,168.56,168.78,168.13,168.28,52.23002,45.03778,2316000
10/29/2018 11:15,168.29,168.59,167.58,167.66,48.3407,13.88501,2127500
10/29/2018 11:30,167.66,167.82,167.09,167.62,48.09183,-13.81351,3017500
10/29/2018 11:45,167.62,167.98,167.17,167.9,50.03072,-3.822105,2956500
10/29/2018 12:00,167.93,168.01,166.69,166.71,42.72635,-44.36321,1909200
10/29/2018 12:15,166.71,166.83,165.92,166.02,39.15655,-108.6008,3442900
10/29/2018 12:30,166.01,166.5,165.08,165.44,36.40326,-137.8903,3886500
10/29/2018 12:45,165.44,166.47,165.09,166.25,42.4855,-116.7054,4693000
10/29/2018 13:00,166.25,166.48,165.44,165.77,40.04163,-108.5381,2052600
10/29/2018 13:15,165.78,166.85,165.77,166.47,45.00948,-68.5535,3314000
10/29/2018 13:30,166.46,166.48,165.82,165.88,41.86123,-74.39799,2608400
10/29/2018 13:45,165.88,166.54,165.73,166.32,44.95356,-57.43258,1437500
10/29/2018 14:00,166.31,166.71,165.99,166.05,43.42712,-45.60556,1653200
10/29/2018 14:15,166.05,166.09,164.92,165.08,38.38447,-105.1173,4176000
10/29/2018 14:30,165.07,165.08,164.54,164.58,36.0601,-156.2728,2790800
10/29/2018 14:45,164.58,165.04,164.06,164.88,38.46775,-150.4776,3118900
10/29/2018 15:00,164.87,165.05,163.63,163.94,34.13105,-163.429,3225900
10/29/2018 15:15,163.96,164.02,162.46,162.53,28.87294,-205.2417,5576800
10/29/2018 15:30,162.52,162.92,162.04,162.24,27.92024,-185.813,5635200
10/29/2018 15:45,162.21,162.39,160.09,160.42,22.82906,-199.5773,8282000
10/29/2018 16:00,160.37,163.72,160.11,163.67,42.86456,-98.73016,19288700
10/30/2018 9:45,162.75,163.79,162.02,163.56,42.46272,-58.50943,10890600
10/30/2018 10:00,163.56,165.52,162.94,165.13,49.70927,10.56276,7288000
10/30/2018 10:15,165.13,165.26,163.99,164.44,46.91282,19.91871,4945400
10/30/2018 10:30,164.46,165.28,164.22,164.57,47.51195,33.50286,4693800
10/30/2018 10:45,164.57,165.06,162.87,162.92,41.16236,-16.99586,3945600
10/30/2018 11:00,162.94,163.99,162.91,163.46,43.80908,-16.87336,3768400
10/30/2018 11:15,163.47,164.49,163.11,163.65,44.75073,12.65639,3566400
10/30/2018 11:30,163.65,164.84,163.37,164.79,50.14906,61.46691,2489600
10/30/2018 11:45,164.79,165.38,164.62,164.9,50.65013,107.4747,3332000
10/30/2018 12:00,164.9,165.7,164.57,164.67,49.52917,98.52698,2482300
10/30/2018 12:15,164.66,165.21,164.21,164.39,48.13257,62.05264,2448400
10/30/2018 12:30,164.37,164.98,164.16,164.76,50.13355,56.07903,1768100
10/30/2018 12:45,164.74,164.77,164.12,164.47,48.55253,31.86581,1700000
10/30/2018 13:00,164.47,165.08,163.79,163.84,45.21638,-6.408045,1487300
10/30/2018 13:15,163.85,164.01,162.89,162.94,40.89355,-151.1936,2099400
10/30/2018 13:30,162.94,163.9,162.93,163.08,41.82526,-116.2001,2098100
10/30/2018 13:45,163.07,163.64,162.42,163.55,44.96189,-104.4885,3348500
10/30/2018 14:00,163.55,164.14,163.28,164.05,48.16387,-26.66039,1562100
10/30/2018 14:15,164.04,164.27,163.02,163.52,45.16443,-52.8602,2146400
10/30/2018 14:30,163.49,163.98,163.17,163.53,45.23369,-59.78305,1896600
10/30/2018 14:45,163.53,163.96,163.17,163.66,46.18587,-52.94152,1511500
10/30/2018 15:00,163.68,164.98,163.47,164.8,53.77533,43.54639,2159400
10/30/2018 15:15,164.8,165.42,164.23,164.99,54.91656,99.97182,2060400
10/30/2018 15:30,165,165.55,164.62,165.31,56.84877,128.8418,2480900
10/30/2018 15:45,165.32,165.64,165.07,165.36,57.15777,132.9787,3307200
10/30/2018 16:00,165.36,166.04,165.09,165.86,60.22487,141.2031,6422400
10/31/2018 9:45,168.62,169.54,168.54,169.48,74.47344,284.7108,8185400
10/31/2018 10:00,169.48,169.95,169.18,169.87,75.49205,211.5827,4951200
10/31/2018 10:15,169.88,170.19,169.7,169.96,75.73274,164.78,3963300
10/31/2018 10:30,169.97,170.81,169.97,170.45,77.05383,134.7588,3521500
10/31/2018 10:45,170.46,170.88,170.37,170.4,76.59557,109.0969,2650900
10/31/2018 11:00,170.4,170.57,169.69,169.8,71.12925,79.18347,3446800
10/31/2018 11:15,169.8,170.09,169.15,169.34,67.17122,57.1298,2376500
10/31/2018 11:30,169.33,170.36,169.24,170.13,70.23456,58.53519,1706800
10/31/2018 11:45,170.12,170.21,168.89,168.89,60.66569,36.27652,1644400
10/31/2018 12:00,168.91,169.48,168.88,169.37,62.77961,27.2738,1464100
10/31/2018 12:15,169.37,169.54,168.65,169.36,62.70405,17.66122,1673200
10/31/2018 12:30,169.37,169.91,169.12,169.57,63.69294,27.49061,1274900
10/31/2018 12:45,169.59,170.13,169.46,170.06,65.96076,46.16181,1423400
10/31/2018 13:00,170.07,170.44,169.87,170.23,66.73705,75.7529,1548800
10/31/2018 13:15,170.24,170.75,170.15,170.64,68.59715,118.3008,1041300
10/31/2018 13:30,170.63,171.09,170.44,170.51,67.31179,124.1991,2411400
10/31/2018 13:45,170.52,170.75,170.16,170.75,68.48579,87.13657,1282000
10/31/2018 14:00,170.74,170.91,170.43,170.54,66.24387,92.52717,908200
10/31/2018 14:15,170.53,171.06,170.26,170.99,68.61481,107.1945,2098800
10/31/2018 14:30,170.99,171.25,170.73,170.95,68.15647,110.649,2375900
10/31/2018 14:45,170.94,171,170.43,170.63,64.44835,66.10278,1845300
10/31/2018 15:00,170.62,170.83,170.39,170.82,65.6436,57.63049,2380200
10/31/2018 15:15,170.82,171.14,170.64,171.1,67.38386,83.68138,1479600
10/31/2018 15:30,171.1,171.13,170.41,170.78,63.42942,54.83001,2599800
10/31/2018 15:45,170.77,170.87,170.08,170.17,56.60958,-31.39305,2946500
10/31/2018 16:00,170.17,170.36,169.63,169.82,53.08303,-154.867,7019600
11/1/2018 9:45,170.26,170.66,169.85,170.01,54.7316,-110.3296,2798100
11/1/2018 10:00,170.01,170.25,168.98,169.56,50.22958,-214.2974,4927100
11/1/2018 10:15,169.53,170.23,168.78,169.75,52.02401,-155.3309,4070200
11/1/2018 10:30,169.75,170.09,169.38,169.96,53.99821,-94.4215,1930600
11/1/2018 10:45,169.96,170.77,169.84,170.48,58.54673,-2.684826,2375400
11/1/2018 11:00,170.48,170.87,170.28,170.63,59.78217,36.03105,2029600
11/1/2018 11:15,170.64,170.96,170.25,170.82,61.35326,51.84166,1730700
11/1/2018 11:30,170.81,171.25,170.63,171.18,64.20626,108.7103,1522400
11/1/2018 11:45,171.18,171.43,170.94,171.27,64.90392,123.2028,1504600
11/1/2018 12:00,171.27,171.39,170.96,171.01,61.19353,97.01443,1060600
11/1/2018 12:15,171.01,171.41,170.87,171.22,63.03178,98.46368,1261300
11/1/2018 12:30,171.22,171.24,170.7,170.99,59.69658,68.01396,1363100
11/1/2018 12:45,170.99,171.18,170.89,171.09,60.6709,68.01189,785600
11/1/2018 13:00,171.1,171.6,170.86,171.57,65.04013,93.58022,997600
11/1/2018 13:15,171.55,171.69,171.27,171.64,65.63956,103.3289,1040200
11/1/2018 13:30,171.64,172.08,171.5,171.97,68.39137,134.6452,1228900
11/1/2018 13:45,171.97,172.08,171.72,171.92,67.50913,142.198,982900
11/1/2018 14:00,171.92,172.04,171.56,171.72,63.95546,109.3846,1416600
11/1/2018 14:15,171.72,171.79,171.38,171.48,59.88175,55.9344,1635900
11/1/2018 14:30,171.48,171.99,171.48,171.89,64.08981,88.7431,771400
11/1/2018 14:45,171.88,171.91,171.44,171.54,58.45316,46.68371,1364200
11/1/2018 15:00,171.54,171.96,171.54,171.86,61.76425,72.27866,1474000
11/1/2018 15:15,171.86,171.87,171.54,171.83,61.27128,56.07975,803000
11/1/2018 15:30,171.83,171.95,171.63,171.93,62.34995,70.68276,1419800
11/1/2018 15:45,171.92,172.18,171.73,172.16,64.78001,109.3975,1989700
11/1/2018 16:00,172.15,172.24,171.98,172.06,62.8797,125.6786,4675500
11/2/2018 9:45,171.53,172.55,170.93,172.52,67.58939,97.12888,8555800
11/2/2018 10:00,172.52,172.54,171.16,171.36,50.26889,-58.33334,3192500
11/2/2018 10:15,171.4,171.41,170.52,170.71,43.53649,-319.8547,2789400
11/2/2018 10:30,170.71,171.21,169.98,169.98,37.46734,-273.7027,3306200
11/2/2018 10:45,169.97,170.14,169.2,169.63,34.95166,-241.5596,3250600
11/2/2018 11:00,169.62,170.35,169.62,170.28,42.65274,-134.3623,2743700
11/2/2018 11:15,170.3,170.35,169.38,169.68,38.16145,-124.3738,2218400
11/2/2018 11:30,169.67,169.91,169.06,169.53,37.10946,-119.5768,3717000
11/2/2018 11:45,169.53,169.91,169.34,169.53,36.03954,-94.33768,2441300
11/2/2018 12:00,169.52,170,169.29,169.98,41.48981,-71.47947,1904100
11/2/2018 12:15,169.98,170.07,169.39,169.68,39.09782,-65.25688,2174700
11/2/2018 12:30,169.66,169.88,169.44,169.74,39.84495,-60.20068,1100600
11/2/2018 12:45,169.74,169.86,168.94,169.11,34.99191,-83.19811,2123300
11/2/2018 13:00,169.12,169.21,168.3,168.68,32.11659,-129.9894,3325500
11/2/2018 13:15,168.68,169.29,168.22,169.22,38.90592,-116.7263,2298800
11/2/2018 13:30,169.22,169.44,169.02,169.24,39.14872,-73.92724,1863500
11/2/2018 13:45,169.23,169.54,168.96,169.38,40.91834,-51.17694,1645300
11/2/2018 14:00,169.36,169.6,169.1,169.22,39.50436,-37.21642,1950400
11/2/2018 14:15,169.22,169.23,168.58,168.65,34.88012,-121.1971,1570400
11/2/2018 14:30,168.65,169.98,168.32,169.84,48.44753,5.040812,3666500
11/2/2018 14:45,169.85,169.89,169.21,169.48,45.36807,49.06491,3325700
11/2/2018 15:00,169.46,169.8,169.35,169.58,46.38754,59.45749,1610600
11/2/2018 15:15,169.58,169.93,169.01,169.68,47.44357,51.78186,2297700
11/2/2018 15:30,169.68,170,169.45,169.62,46.84729,93.83955,1742800
11/2/2018 15:45,169.62,169.68,169.16,169.59,46.53238,44.71716,2345200
11/2/2018 16:00,169.59,169.77,169.26,169.38,44.28814,50.47604,4416800
11/5/2018 9:45,169.6,169.66,167.93,167.99,32.95729,-166.5365,5063000
11/5/2018 10:00,168,168.4,167.88,168.04,33.61507,-208.7851,2642400
11/5/2018 10:15,168.04,168.18,167.24,167.37,29.44509,-208.3006,2274300
11/5/2018 10:30,167.36,167.54,167.08,167.27,28.8695,-173.2339,1857500
11/5/2018 10:45,167.26,167.8,167.13,167.56,32.96238,-120.4554,2026100
11/5/2018 11:00,167.56,168.33,167.3,168.23,41.35799,-67.27436,1861700
11/5/2018 11:15,168.23,168.48,167.99,168.12,40.46203,-41.09047,1189500
11/5/2018 11:30,168.12,168.12,167.62,167.69,37.08042,-63.4501,1125500
11/5/2018 11:45,167.69,167.87,167.43,167.58,36.24587,-69.57432,1143300
11/5/2018 12:00,167.56,168.1,167.45,168,41.64613,-44.48905,790400
11/5/2018 12:15,168.01,168.11,167.53,167.78,39.74693,-43.14869,752200
11/5/2018 12:30,167.78,168.14,167.57,167.89,41.19102,-28.96638,710900
11/5/2018 12:45,167.89,167.96,167.65,167.74,39.7906,-32.58845,603400
11/5/2018 13:00,167.74,167.87,167.53,167.81,40.802,-29.66589,507900
11/5/2018 13:15,167.81,167.96,167.62,167.9,42.14768,17.83596,564400
11/5/2018 13:30,167.9,168.05,167.78,167.86,41.6941,55.6801,487200
11/5/2018 13:45,167.86,168.08,167.67,168.02,44.27778,61.06398,792700
11/5/2018 14:00,168.03,168.37,167.99,168.19,46.96667,171.5558,847700
11/5/2018 14:15,168.19,168.34,168.05,168.33,49.14319,161.6403,501900
11/5/2018 14:30,168.33,169.06,168.23,169.01,58.13124,245.1284,2127400
11/5/2018 14:45,169.01,169.11,168.7,169.11,59.27129,213.6754,937900
11/5/2018 15:00,169.12,169.33,169.04,169.04,58.07907,175.0343,1556100
11/5/2018 15:15,169.06,169.28,168.92,169.24,60.52228,136.986,979500
11/5/2018 15:30,169.23,169.23,168.5,168.76,52.59929,73.92947,1804000
11/5/2018 15:45,168.76,168.83,168.54,168.79,53.01328,49.25528,2103400
11/5/2018 16:00,168.79,169.15,168.61,168.95,55.25783,63.69836,2430500
11/6/2018 9:45,168.97,170.77,168.9,170.63,70.94961,185.0297,4285700
11/6/2018 10:00,170.63,171.19,170.6,170.87,72.43675,228.663,1912000
11/6/2018 10:15,170.86,170.9,170.37,170.67,69.255,157.9525,1256700
11/6/2018 10:30,170.68,170.82,170.41,170.49,66.42707,118.5594,867300
11/6/2018 10:45,170.5,170.72,169.96,170.29,63.3323,78.08505,1322400
11/6/2018 11:00,170.28,170.4,169.77,169.87,57.29584,42.50635,879800
11/6/2018 11:15,169.88,170.21,169.43,170.18,60.30334,27.98154,1388000
11/6/2018 11:30,170.18,170.25,169.6,169.67,53.61369,12.53813,1047800
11/6/2018 11:45,169.68,169.94,169.35,169.92,56.17991,-3.879396,1096300
11/6/2018 12:00,169.91,170.09,169.72,169.93,56.28403,10.65297,589100
11/6/2018 12:15,169.94,170.32,169.81,170.04,57.48153,22.46093,613400
11/6/2018 12:30,170.04,170.21,169.88,170.1,58.15499,13.80425,367200
11/6/2018 12:45,170.12,170.49,170.08,170.44,61.84246,49.08607,1001800
11/6/2018 13:00,170.44,170.44,170.09,170.14,57.06405,8.51252,466600
11/6/2018 13:15,170.15,170.33,170.15,170.23,58.10972,9.524603,509200
11/6/2018 13:30,170.24,170.41,169.93,169.96,53.871,-13.57415,1129700
11/6/2018 13:45,169.96,170.25,169.92,170.08,55.42718,-7.730469,387200
11/6/2018 14:00,170.07,170.13,169.81,169.87,52.11366,-58.37531,582700
11/6/2018 14:15,169.86,169.91,169.58,169.59,47.994,-146.7883,746400
11/6/2018 14:30,169.59,169.6,168.73,168.88,39.47298,-274.9704,1544500
11/6/2018 14:45,168.87,169.19,168.72,169.18,43.99725,-195.4046,1541800
11/6/2018 15:00,169.16,169.42,169.13,169.28,45.46083,-109.851,713400
11/6/2018 15:15,169.28,169.63,169.04,169.5,48.6407,-75.84531,906300
11/6/2018 15:30,169.5,169.84,169.46,169.74,51.9332,-20.83843,1162700
11/6/2018 15:45,169.74,170.01,169.72,169.74,55.03736,7.626217,982400
11/6/2018 16:00,169.74,170.4,169.57,170.26,60.92516,53.69077,4020400
11/7/2018 9:45,172.28,173,171.87,172.49,75.651,329.0446,6659100
11/7/2018 10:00,172.48,172.77,172.16,172.5,75.69521,227.4238,2004300
11/7/2018 10:15,172.5,173.2,172.4,173.19,78.58593,176.2265,3262900
11/7/2018 10:30,173.19,173.53,172.91,173.42,79.46275,142.3433,2272600
11/7/2018 10:45,173.42,174.24,173.41,173.95,81.35712,129.6957,3450000
11/7/2018 11:00,173.95,174.37,173.89,173.99,81.49587,111.1063,1661600
11/7/2018 11:15,173.99,174.2,173.72,174.08,81.82359,91.10702,1396200
11/7/2018 11:30,174.08,174.23,173.7,173.87,78.33704,78.02868,1716000
11/7/2018 11:45,173.88,174.09,173.82,173.9,78.47812,70.84218,906600
11/7/2018 12:00,173.9,174.79,173.89,174.73,81.9756,86.43676,1596700
11/7/2018 12:15,174.72,174.76,174.43,174.49,78.02721,84.03303,1054100
11/7/2018 12:30,174.49,174.49,174.2,174.26,74.33189,67.32677,852000
11/7/2018 12:45,174.25,174.57,174.25,174.3,74.5576,67.09257,589700
11/7/2018 13:00,174.3,174.74,174.29,174.54,75.92516,83.13715,906200
11/7/2018 13:15,174.54,174.77,174.45,174.51,75.37974,88.7048,843700
11/7/2018 13:30,174.5,174.67,174.42,174.6,75.93829,80.63319,900500
11/7/2018 13:45,174.59,174.66,174.22,174.29,70.04435,40.41965,769300
11/7/2018 14:00,174.29,174.37,174.05,174.33,70.36404,-7.255547,1188500
11/7/2018 14:15,174.33,174.71,174.33,174.62,72.64297,75.42953,1606600
11/7/2018 14:30,174.62,174.79,174.47,174.76,73.69463,103.1347,856500
11/7/2018 14:45,174.76,175.03,174.68,174.73,73.04664,135.3635,1343400
11/7/2018 15:00,174.74,174.82,174.58,174.64,71.02885,84.06329,1321600
11/7/2018 15:15,174.65,175.06,174.58,175.02,74.26183,168.4319,1198700
11/7/2018 15:30,175.02,175.05,174.82,174.98,73.33395,156.2911,1096900
11/7/2018 15:45,174.98,175.13,174.93,174.99,73.42342,140.0634,1959000
11/7/2018 16:00,174.98,175.58,174.97,175.58,78.08979,200.3143,5394300
11/8/2018 9:45,174.86,175.02,174.11,174.35,56.01039,-60.58996,4305800
11/8/2018 10:00,174.35,175.21,174.32,175.13,63.12979,48.07554,2149800
11/8/2018 10:15,175.13,175.3,174.47,174.52,55.55704,8.415882,1627400
11/8/2018 10:30,174.53,174.83,174.41,174.64,56.65843,-34.9513,1672700
11/8/2018 10:45,174.65,175.1,174.54,174.55,55.54659,-11.90252,1646800
11/8/2018 11:00,174.55,174.92,174.42,174.81,58.10442,-33.01841,804900
11/8/2018 11:15,174.82,175.08,174.7,174.77,57.55581,13.8183,1075600
11/8/2018 11:30,174.77,174.83,174.35,174.78,57.66339,-72.05936,842200
11/8/2018 11:45,174.78,175.04,174.66,174.77,57.50642,2.296937,768900
11/8/2018 12:00,174.77,174.97,174.73,174.81,57.99911,3.452167,407100
11/8/2018 12:15,174.81,174.94,174.62,174.76,57.10757,-22.52534,406900
11/8/2018 12:30,174.76,174.94,174.7,174.7,55.99533,-14.48916,547100
11/8/2018 12:45,174.7,174.83,174.65,174.74,56.60231,-27.81391,787100
11/8/2018 13:00,174.74,174.76,174.48,174.51,52.14884,-117.6057,1023400
11/8/2018 13:15,174.51,174.65,174.38,174.47,51.39169,-184.8084,738000
11/8/2018 13:30,174.47,174.5,174.09,174.09,44.74417,-255.2362,542500
11/8/2018 13:45,174.08,174.15,173.96,174.06,44.25748,-228.1282,1426500
11/8/2018 14:00,174.06,174.52,174.05,174.52,52.74547,-87.35448,1572700
11/8/2018 14:15,174.52,174.99,173.94,174.79,56.89425,-11.28492,2127800
11/8/2018 14:30,174.79,174.99,174.26,174.27,48.12982,-29.55746,1091900
11/8/2018 14:45,174.29,174.34,173.7,173.75,41.28117,-177.3287,1572500
11/8/2018 15:00,173.74,174.18,173.68,174.05,46.05074,-128.8045,1474400
11/8/2018 15:15,174.05,174.12,173.74,174,45.38897,-108.3751,1822100
11/8/2018 15:30,174,174.24,173.85,173.85,43.37536,-86.98249,1378900
11/8/2018 15:45,173.87,174.1,173.63,173.96,45.29218,-91.02126,2389600
11/8/2018 16:00,173.97,174.49,173.89,174.49,53.46577,9.220151,3190400
11/9/2018 9:45,172.83,173.25,172.1,172.32,32.23222,-306.2872,4718400
11/9/2018 10:00,172.31,172.55,172.17,172.47,34.1781,-241.2052,1715500
11/9/2018 10:15,172.47,172.73,171.65,171.74,29.70728,-187.0918,3080600
11/9/2018 10:30,171.74,172.01,171.57,171.99,32.94241,-146.6314,1679400
11/9/2018 10:45,172.01,172.42,171.82,172.15,35.00399,-98.20506,1348200
11/9/2018 11:00,172.16,172.32,171.67,171.83,32.82999,-92.41169,1253300
11/9/2018 11:15,171.83,172.09,171.35,171.42,30.23858,-97.17193,1568400
11/9/2018 11:30,171.42,171.75,171.39,171.66,33.54539,-86.94904,1002700
11/9/2018 11:45,171.64,171.86,171.39,171.56,32.84671,-77.96902,1358400
11/9/2018 12:00,171.55,171.68,170.93,171.02,29.29832,-98.27626,1991300
11/9/2018 12:15,171.02,171.35,170.98,171.03,29.45023,-98.47105,1724900
11/9/2018 12:30,171.02,171.21,170.8,170.99,29.18004,-105.532,1663100
11/9/2018 12:45,170.99,171.33,170.89,171.25,33.45423,-86.32316,1169200
11/9/2018 13:00,171.24,171.4,171.04,171.06,31.93727,-81.38898,808900
11/9/2018 13:15,171.07,171.29,170.91,171,31.45227,-87.10325,1010400
11/9/2018 13:30,171,171.01,170.72,170.87,30.37587,-105.6147,804700
11/9/2018 13:45,170.87,170.87,170.53,170.67,28.746,-120.2813,1305300
11/9/2018 14:00,170.66,170.72,170.46,170.58,28.01749,-124.666,975600
11/9/2018 14:15,170.57,170.82,170.28,170.41,26.64389,-135.6731,1488200
11/9/2018 14:30,170.41,170.45,170.16,170.27,25.53366,-152.5649,1810300
11/9/2018 14:45,170.27,171.11,170.26,170.89,37.87892,-47.76967,1641000
11/9/2018 15:00,170.89,171.57,170.88,171.27,44.00618,68.80138,1841900
11/9/2018 15:15,171.28,171.68,171.2,171.61,48.86586,133.9131,1988500
11/9/2018 15:30,171.63,171.92,171.42,171.76,50.89081,157.3454,1897100
11/9/2018 15:45,171.76,172.03,171.61,172,54.02792,158.5137,2292400
11/9/2018 16:00,172,172.08,171.52,171.52,47.49356,104.8542,4679400
11/12/2018 9:45,170.32,170.64,168.73,168.96,28.02545,-198.378,5774300
11/12/2018 10:00,168.96,169.1,168.58,168.72,26.91168,-208.7514,2294400
11/12/2018 10:15,168.72,168.73,168.25,168.42,25.54508,-180.5776,2370700
11/12/2018 10:30,168.42,168.91,168.19,168.67,28.79025,-130.6964,1890200
11/12/2018 10:45,168.67,168.67,167.81,167.83,24.86822,-127.5698,2337100
11/12/2018 11:00,167.82,167.84,167.29,167.36,22.98173,-127.2733,1878700
11/12/2018 11:15,167.37,167.39,166.92,166.94,21.41813,-119.7808,2230500
11/12/2018 11:30,166.94,166.94,166.23,166.36,19.45011,-120.4306,3064800
11/12/2018 11:45,166.35,167.18,166.18,166.83,25.42967,-96.69008,3101900
11/12/2018 12:00,166.84,167.34,166.55,167.28,30.73161,-75.74155,1543700
11/12/2018 12:15,167.28,167.95,167.26,167.61,34.41433,-47.72254,2938600
11/12/2018 12:30,167.6,167.9,167.38,167.47,33.59823,-41.63095,916500
11/12/2018 12:45,167.47,167.63,167.18,167.51,34.07915,-41.17655,980100
11/12/2018 13:00,167.53,167.53,167.13,167.15,31.84344,-44.74579,638900
11/12/2018 13:15,167.15,167.25,166.7,166.72,29.36542,-78.72182,1044900
11/12/2018 13:30,166.72,167.29,166.65,167.13,34.59211,-54.76689,1099300
11/12/2018 13:45,167.12,167.18,166.72,166.74,32.15477,-66.19353,1023500
11/12/2018 14:00,166.75,167.58,166.49,167.32,39.03452,-14.2597,1943700
11/12/2018 14:15,167.32,167.84,167.12,167.72,43.30436,93.55827,1959500
11/12/2018 14:30,167.72,168.18,167.46,167.51,41.65484,119.1107,1871700
11/12/2018 14:45,167.5,167.77,167.1,167.7,43.74277,65.57493,1527500
11/12/2018 15:00,167.7,168.12,167.15,167.2,39.71503,50.08449,1775600
11/12/2018 15:15,167.21,167.38,166.68,167.06,38.64214,-67.03798,2172200
11/12/2018 15:30,167.05,167.6,166.82,167.26,41.09047,-23.24772,1624300
11/12/2018 15:45,167.26,167.26,166.65,167.05,39.31654,-77.23501,2153200
11/12/2018 16:00,167.05,167.28,166.22,166.33,33.91085,-149.9405,8276600
11/13/2018 9:45,167.11,168.48,167.11,167.58,47.42568,119.0995,5812500
11/13/2018 10:00,167.59,168.25,167.03,167.05,43.3755,47.79699,3509500
11/13/2018 10:15,167.05,167.72,166.41,167.54,47.81283,-7.798876,2944900
11/13/2018 10:30,167.53,167.87,166.52,166.6,41.15069,-61.9492,3169500
11/13/2018 10:45,166.6,167.93,166.45,167.47,48.32717,0.2503739,3503000
11/13/2018 11:00,167.46,168.19,167.34,168.05,52.48703,124.1651,2498200
11/13/2018 11:15,168.07,169.19,167.99,169.03,58.55775,239.9671,5512900
11/13/2018 11:30,169.03,169.48,168.64,168.73,56.19085,206.6109,3111800
11/13/2018 11:45,168.74,168.84,168.18,168.44,53.92199,109.6141,1573500
11/13/2018 12:00,168.44,168.69,168.03,168.18,51.89858,73.08849,1028400
11/13/2018 12:15,168.19,168.44,167.77,168.25,52.41632,48.70975,1569700
11/13/2018 12:30,168.24,168.46,168.01,168.12,51.3118,45.96818,1002200
11/13/2018 12:45,168.12,168.14,167.1,167.3,44.88694,-36.24816,1562500
11/13/2018 13:00,167.3,167.59,167.2,167.35,45.33643,-64.5872,1039000
11/13/2018 13:15,167.35,167.72,167.02,167.13,43.64966,-68.43105,1195700
11/13/2018 13:30,167.14,167.59,167.07,167.32,45.53439,-61.91462,1240600
11/13/2018 13:45,167.34,168.04,167.26,167.74,49.55116,-24.2851,1725500
11/13/2018 14:00,167.75,167.92,167.26,167.33,45.9858,-55.07172,1121900
11/13/2018 14:15,167.32,167.43,166.81,166.85,42.16112,-113.9569,1756500
11/13/2018 14:30,166.84,166.86,166.24,166.8,41.77136,-134.8688,1795700
11/13/2018 14:45,166.79,167.15,166.26,166.34,38.26663,-127.0713,1172800
11/13/2018 15:00,166.34,166.96,166.1,166.6,41.2663,-122.0581,2045500
11/13/2018 15:15,166.6,167.19,166.4,166.63,41.61877,-86.48783,2159100
11/13/2018 15:30,166.61,166.74,166.07,166.42,39.81731,-112.5482,2582000
11/13/2018 15:45,166.42,166.75,166,166.63,42.49775,-91.15249,2923800
11/13/2018 16:00,166.62,166.97,166.41,166.5,41.27227,-57.8041,4719700
11/14/2018 9:45,168.12,168.57,167.67,168.41,59.67175,172.3265,5032900
11/14/2018 10:00,168.41,168.7,167.41,167.8,53.86721,117.9674,2904800
11/14/2018 10:15,167.76,167.84,166.97,167,47.36051,26.17033,2668600
11/14/2018 10:30,167,167,166.32,166.81,45.94115,-42.2966,2530100
11/14/2018 10:45,166.81,167.08,166.6,166.94,47.10915,-14.3663,1809500
11/14/2018 11:00,166.95,167.26,166.09,166.52,43.81553,-46.34054,2850500
11/14/2018 11:15,166.52,166.52,165.64,165.66,37.96275,-137.7429,2504100
11/14/2018 11:30,165.66,166.11,165.46,165.76,38.98328,-142.0257,2246600
11/14/2018 11:45,165.77,165.91,165.26,165.47,37.07822,-148.0886,3081200
11/14/2018 12:00,165.48,166.1,165.33,166.09,43.44192,-95.5721,3680800
11/14/2018 12:15,166.09,166.21,165.1,165.19,37.51123,-111.6314,3184600
11/14/2018 12:30,165.19,166.27,165.17,166.05,45.20876,-67.8485,2654000
11/14/2018 12:45,166.05,166.05,165.12,165.35,40.80297,-84.61657,2063900
11/14/2018 13:00,165.35,165.85,165.01,165.17,39.73069,-85.02646,2264200
11/14/2018 13:15,165.15,165.73,164.9,165.32,41.11936,-82.08984,2695300
11/14/2018 13:30,165.32,165.87,165.3,165.58,43.5472,-51.23695,1658700
11/14/2018 13:45,165.57,165.72,164.67,164.72,37.97011,-124.6017,1508100
11/14/2018 14:00,164.72,165.16,164.71,165.06,41.17749,-122.3865,1496100
11/14/2018 14:15,165.05,165.05,164.25,164.88,39.99837,-160.1876,2525300
11/14/2018 14:30,164.88,165.74,164.87,165.21,43.20924,-39.85381,3886900
11/14/2018 14:45,165.21,165.7,164.94,165.2,43.13383,-29.69153,2033600
11/14/2018 15:00,165.2,166.4,165.1,166.29,52.79383,129.1609,3058800
11/14/2018 15:15,166.3,166.86,166.02,166.59,55.05677,200.6586,3318900
11/14/2018 15:30,166.59,166.74,166.05,166.24,51.92924,148.0293,1470300
11/14/2018 15:45,166.23,166.36,165.64,165.66,47.14929,57.41409,2297300
11/14/2018 16:00,165.66,165.95,164.79,165.14,43.30097,-34.96431,4717700
11/15/2018 9:45,164.9,165.88,164.17,165.81,49.06903,-32.58439,5924200
11/15/2018 10:00,165.81,165.84,164.58,164.64,41.18894,-70.06539,3147500
11/15/2018 10:15,164.64,165.1,164.2,164.57,40.76717,-115.5573,2300100
11/15/2018 10:30,164.57,164.98,164.25,164.26,38.86864,-117.6559,1818300
11/15/2018 10:45,164.27,164.38,163.46,164.14,38.12849,-158.9462,3034400
11/15/2018 11:00,164.14,165.09,164.1,164.76,44.05618,-70.00438,1256400
11/15/2018 11:15,164.76,165.54,164.52,165.34,48.98062,-16.65561,1884800
11/15/2018 11:30,165.34,165.9,165.11,165.68,51.66647,34.19463,2706000
11/15/2018 11:45,165.68,166.22,165.57,165.87,53.15076,63.08844,2813800
11/15/2018 12:00,165.88,166.1,165.7,165.89,53.31332,64.78545,1691400
11/15/2018 12:15,165.9,166.2,165.54,165.58,50.3951,62.34447,2009200
11/15/2018 12:30,165.58,166.06,165.39,166.01,54.1445,77.51268,1014800
11/15/2018 12:45,166.01,166.36,165.79,165.93,53.33673,101.9349,1102700
11/15/2018 13:00,165.93,166.05,165.31,165.52,49.27928,44.70745,882900
11/15/2018 13:15,165.51,165.68,165.1,165.43,48.4086,15.36456,1363500
11/15/2018 13:30,165.44,167.07,165.36,167.03,61.44785,127.8201,4023100
11/15/2018 13:45,167.04,167.41,167.02,167.32,63.26038,186.8366,2679600
11/15/2018 14:00,167.31,167.76,166.93,167.62,65.0888,178.3415,2796800
11/15/2018 14:15,167.62,167.88,167.46,167.79,66.11786,165.3011,1633500
11/15/2018 14:30,167.79,168.27,167.37,168.17,68.36279,142.7384,2441600
11/15/2018 14:45,168.17,168.54,168.01,168.17,70.46986,133.8338,1659900
11/15/2018 15:00,168.17,168.42,167.82,168.01,68.40405,99.65775,1359400
11/15/2018 15:15,167.99,168.05,166.76,167.93,67.34109,54.78477,4494600
11/15/2018 15:30,167.93,168,166.93,167.11,57.48143,32.37561,3893400
11/15/2018 15:45,167.12,167.83,167.08,167.64,61.41387,38.89329,2563100
11/15/2018 16:00,167.63,168.21,167.46,168.1,64.48417,66.53877,5436300
11/16/2018 9:45,166.45,166.68,165.78,166.18,47.49646,-90.74999,6513100
11/16/2018 10:00,166.18,167.44,166.16,167.26,54.72205,-38.01376,2931100
11/16/2018 10:15,167.26,167.47,166.8,167.41,55.63532,-29.80232,1995300
11/16/2018 10:30,167.4,167.63,167.11,167.4,55.55479,-18.99121,1890900
11/16/2018 10:45,167.41,168.1,167.29,167.82,58.28321,39.32556,2552400
11/16/2018 11:00,167.86,167.93,167.34,167.39,54.58847,4.55941,1423900
11/16/2018 11:15,167.41,167.53,166.92,167.04,51.71478,-57.35949,2534200
11/16/2018 11:30,167.04,167.23,166.7,167.03,51.6312,-75.69907,1200500
11/16/2018 11:45,167.03,167.22,166.49,166.57,47.80186,-100.0773,1552200
11/16/2018 12:00,166.57,166.68,166.19,166.46,46.90594,-131.9023,1439400
11/16/2018 12:15,166.46,166.88,166.12,166.8,50.02377,-87.62848,2190100
11/16/2018 12:30,166.79,166.81,166.34,166.37,46.31907,-86.91448,764800
11/16/2018 12:45,166.35,167.87,166.17,167.54,55.89096,24.11429,3070100
11/16/2018 13:00,167.54,168.31,167.39,167.58,56.1787,122.0826,2419200
11/16/2018 13:15,167.58,167.72,166.9,167.21,52.75143,32.27407,1733800
11/16/2018 13:30,167.22,167.45,166.86,167.03,51.11752,-1.630805,731400
11/16/2018 13:45,167.03,167.13,166.5,166.78,48.85428,-54.89409,932500
11/16/2018 14:00,166.78,166.97,166.63,166.84,49.43292,-45.37005,748800
11/16/2018 14:15,166.83,167.29,166.83,166.91,50.14173,2.51142,993900
11/16/2018 14:30,166.91,167.39,166.72,167.27,53.73321,39.23154,913200
11/16/2018 14:45,167.28,167.73,167.28,167.61,56.89153,123.8089,1435200
11/16/2018 15:00,167.61,168.03,167.59,167.98,60.08476,152.7687,1279200
11/16/2018 15:15,167.97,168.09,167.73,167.98,63.03366,135.8553,1614500
11/16/2018 15:30,167.98,168.29,167.97,168.01,63.2706,133.2022,2258300
11/16/2018 15:45,168.01,168.09,167.75,168,63.12543,91.85386,3539100
11/16/2018 16:00,167.99,168.08,167.43,167.53,56.55412,40.95744,5499700
